job_id,industry_id
3378133231,68
3497509795,96
3690843087,47
3691775263,112
3691779379,80
3691786992,14
3691789797,96
3691792844,116
3691793575,13
3691794313,87
3691795305,139
3691795389,87
3691795980,96
3691796226,50
3691797249,40
3691797924,6
3691797973,15
3691797979,70
3691797980,51
3691797982,11
3691797982,104
3691798875,11
3691798875,106
3691798875,96
3691798879,139
3691799048,69
3691799449,112
3691799459,96
3691799471,25
3691799471,18
3691799472,68
3691799474,44
3692300220,57
3692300361,44
3692300372,43
3692300372,44
3692300409,116
3692300409,100
3692301009,91
3692301162,96
3692301162,14
3692301162,4
3692301165,27
3692301169,44
3692301169,10
3692301171,96
3692301171,8
3692302089,96
3692302091,44
3692303023,96
3692303024,14
3692303025,57
3696352735,14
3696352735,124
3696352735,42
3696355954,104
3696362362,34
3696368461,141
3696369309,141
3696371262,141
3696372105,141
3696373506,44
3696374362,99
3696374362,50
3696375254,139
3696386986,14
3696386986,124
3696386986,42
3696387979,14
3696387979,124
3696387979,42
3696387993,14
3696387993,124
3696387993,42
3696388859,14
3696388859,124
3696388859,42
3696388875,14
3696388875,124
3696388875,42
3696390474,14
3696390474,124
3696390474,42
3696391387,14
3696391387,124
3696391387,42
3696391398,14
3696391398,124
3696391398,42
3696391403,14
3696391403,124
3696391403,42
3696393067,14
3696393067,124
3696393067,42
3696394296,48
3696394452,104
3696394454,1
3696394454,112
3696394465,27
3696394465,138
3696394465,122
3696395003,14
3696395003,124
3696395003,42
3696396337,104
3696396357,43
3696396361,1
3696396361,112
3699944307,86
3699953637,14
3699959492,13
3699972728,124
3700100103,4
3700101731,34
3700106733,25
3700107001,34
3700111693,47
3700124761,104
3700138521,55
3700144594,143
3700144710,116
3700144710,6
3700147810,47
3700150295,84
3700150295,96
3700152513,9
3700152648,28
3700152648,31
3700152648,30
3700154162,14
3700154162,97
3700154162,113
3700155066,96
3700155066,4
3700155066,8
3634090513,4
3680144775,25
3690663520,100
3690664476,44
3690664657,76
3690664657,25
3690665137,44
3690668153,91
3690671407,13
3690673578,112
3690692186,27
3690699930,14
3690804650,15
3690809682,14
3690813856,31
3690819024,34
3690821627,128
3690821627,46
3690825634,25
3690828940,15
3690832043,117
3690834347,49
3690835135,43
3690835135,11
3690835135,6
3690835330,19
3690840013,34
3690841034,75
3690841406,96
3690841533,34
3690841599,112
3690844311,42
3690844811,54
3690844811,56
3690844811,135
3690844895,11
3690846882,53
3690847441,96
3690849528,99
3690849528,48
3690849528,59
3690849991,25
3690850853,49
3690850853,145
3690853209,133
3690857635,140
3690859113,124
3690859113,14
3690859360,11
3690860158,96
3690867240,57
3690868912,146
3690868934,12
3690869468,48
3690870151,44
3690870497,104
3690870668,146
3690870668,61
3690876465,31
3692338006,50
3692353287,126
3692361903,43
3692361903,27
3692361906,43
3692361906,27
3692361910,43
3692361910,27
3692361914,43
3692361914,27
3692361915,43
3692361915,27
3692362852,43
3692362852,27
3692362854,43
3692362854,27
3692362958,4
3692362958,33
3692362958,28
3692362963,96
3692363690,43
3692363690,27
3692363702,43
3692363702,27
3692363706,43
3692363706,27
3692363707,43
3692363707,27
3692363708,43
3692363708,27
3692363778,96
3692363920,122
3692364339,43
3692364339,27
3692364369,43
3692364369,27
3692364370,43
3692364370,27
3692364372,43
3692364372,27
3692364374,43
3692364374,27
3692364378,43
3692364378,27
3692364379,43
3692364379,27
3692364380,43
3692364380,27
3692364560,123
3692365234,43
3692365234,27
3692365236,43
3692365236,27
3692365238,43
3692365238,27
3692365242,43
3692365242,27
3692365243,43
3692365243,27
3692366202,43
3692366202,27
3692366207,43
3692366207,27
3692366208,43
3692366208,27
3692366209,43
3692366209,27
3692366211,43
3692366211,27
3692366212,43
3692366212,27
3692366214,43
3692366214,27
3692366220,43
3692366220,27
3692366441,135
3692366441,112
3692367174,43
3692367174,27
3692367178,43
3692367178,27
3692367179,43
3692367179,27
3692367180,43
3692367180,27
3692367370,53
3692368116,43
3692368116,27
3692368118,43
3692368118,27
3692368122,43
3692368122,27
3692368249,48
3692368330,100
3692369039,98
3692369084,96
3692369084,84
3692370024,96
3696987546,84
3696987546,6
3696987686,27
3696987698,27
3696987775,27
3696987938,27
3696988111,84
3696988111,6
3696988374,27
3696988456,27
3696988990,53
3696988990,135
3696988990,147
3696989463,27
3696989494,27
3696989579,27
3696990096,84
3696990096,6
3696990234,27
3696990251,27
3696990252,27
3696990450,27
3696990838,27
3696990961,96
3696990991,27
3696990992,27
3696990993,27
3696991158,104
3696992346,27
3696992442,27
3696992556,27
3696993074,27
3696993315,27
3696993316,27
3696993898,27
3696993899,27
3696994708,27
3696994715,27
3696994820,27
3696994822,27
3696994827,27
3696994828,27
3696994861,27
3696995298,27
3696995419,27
3696995462,27
3696995466,27
3696995467,27
3696995468,27
3696996123,27
3696997048,96
3696997068,27
3696997069,27
3696997071,27
3696997739,96
3696998251,70
3697105339,53
3697105530,93
3697105530,91
3697105530,122
3700191806,14
3700194711,14
3700199410,44
3700326545,83
3700333196,75
3700345653,50
3700347882,146
3700348353,96
3700359414,124
3700362103,34
3700365455,44
3700368597,44
3700370547,50
3700374036,90
3700375925,61
3700377536,133
3700382987,67
3700386191,61
3700386731,98
3700388143,14
3700391622,34
3700398203,13
3700504344,92
3700533944,104
3700534083,104
3700535284,28
3700535499,28
3700536480,28
3700540954,14
3700541620,53
3700541620,27
3700541621,53
3700541621,27
3700541842,14
3700542410,28
3700542483,53
3700542483,27
3700542544,53
3700542544,27
3700542715,14
3700542787,44
3700542993,43
3700543453,53
3700543453,27
3700543455,53
3700543455,27
3700543608,53
3700543608,27
3700544402,53
3700544402,27
3700544597,14
3700544773,34
3700545279,53
3700545279,27
3700545425,53
3700545425,27
3700545538,14
3700545776,49
3700545783,43
3700545792,43
3700545887,43
3700545887,10
3700545887,96
3700545891,100
3700545895,100
3700545914,104
3700545915,104
3700545931,104
3700545942,104
3700545981,14
3700546087,53
3700546087,27
3700546537,43
3700546660,104
3700546700,104
3700546703,51
3700546703,75
3700546703,92
3700546912,43
3700547086,53
3700547086,27
3700547091,53
3700547091,27
3700547703,100
3700547704,3202
3700547716,104
3700547722,104
3700547732,104
3700547955,52
3700547963,52
3700547967,96
3700548301,100
3700548312,4
3700548314,104
3700548315,104
3700548350,14
3700548350,42
3700548351,104
3700548387,14
3700548550,43
3700548756,139
3700549188,104
3700549194,104
3700549196,104
3700549213,104
3700549219,104
3700549253,14
3700549264,14
3700549399,52
3700549411,52
3700549414,1324
3700549415,52
3700549419,52
3700549581,100
3700549583,100
3700549640,48
3700549696,96
3700549721,20
3700550019,43
3700550084,14
3700550106,104
3700550107,104
3700550116,104
3700550295,44
3700550306,43
3700550324,52
3700550327,43
3700550329,52
3700550924,43
3700550930,133
3700551067,104
3700551068,104
3700551078,104
3700551092,104
3700551241,112
3700551314,121
3700551319,43
3700551320,43
3700551805,53
3700551805,135
3700551805,92
3700551840,51
3700551891,43
3700551940,43
3700551946,51
3700552042,104
3700552043,104
3700552073,43
3700552264,43
3700552276,52
3700552592,20
3700552599,96
3700552599,5
3700552599,4
3700552890,43
3700552990,109
3700553126,100
3700553136,52
3700553153,96
3700553155,52
3700553388,48
3700553462,14
3700553769,51
3700553790,51
3700553806,126
3700553847,3
3700553847,4
3700553847,5
3700553874,3
3700553874,4
3700553874,5
3700553886,139
3700553886,14
3700553886,124
3700554332,42
3700554333,42
3700554546,51
3700554569,51
3700554570,51
3700554594,43
3700554617,3
3700554617,4
3700554617,5
3700554640,3
3700554640,4
3700554640,5
3700555134,48
3700555149,139
3700555206,14
3700555490,43
3700555493,43
3700555525,51
3700555600,3
3700555600,4
3700555600,5
3700555649,4
3700555673,104
3700555673,11
3700555673,43
3700556102,51
3700556134,51
3700556185,3
3700556185,4
3700556185,5
3700556195,3
3700556195,4
3700556195,5
3700557016,43
3700557041,43
3700557071,3
3700557071,4
3700557071,5
3700558029,3
3700558029,4
3700558029,5
3700559014,139
3700559014,14
3700559014,124
3700560001,14
3700560001,139
85008768,42
133196985,104
903408693,27
903408693,34
967848246,4
1004740969,51
1029078768,104
1418582485,128
1483357774,35
1535492735,48
1535492735,92
2282679989,126
2448418468,68
2481100553,83
2634247615,104
2730408164,139
2764358929,60
2885838641,124
3047547711,9
3108036575,48
3192471360,9
3243289926,100
3243289926,131
3243289926,90
3268185281,48
3268185281,122
3313349770,100
3326588170,17
3373346816,27
3373346816,143
3395626440,14
3396803783,80
3422104915,124
3442372601,41
3487275706,31
3497543368,75
3529464114,52
3532827942,92
3538940637,121
3562282884,90
3564601168,19
3568598527,135
3580193834,26
3584068782,10
3586162459,96
3587706348,44
3587919328,90
3596450056,48
3596450056,44
3596450056,31
3601203087,44
3601423875,92
3603640939,27
3606156203,27
3618024320,28
3623811800,19
3627129770,18
3635154108,124
3637608593,48
3638837564,14
3643209562,70
3643371518,80
3644109811,32
3655655364,96
3666015999,100
3666945557,139
3668771880,34
3669525119,96
3669562617,96
3670740369,96
3673294109,96
3674000415,41
3675787336,96
3677721266,52
3677721266,94
3677721266,92
3678500518,124
3680164564,11
3680164564,129
3680164564,43
3680177756,18
3680807523,100
3681440546,34
3682818140,42
3682818140,14
3682818140,43
3684010877,124
3684441939,128
3684441939,44
3684441939,47
3684448047,42
3684455234,96
3684464103,96
3684955684,63
3685418185,92
3687065358,96
3687520079,31
3689394048,8
3689394048,6
3689701585,110
3692363916,10
3692363916,9
3692363916,11
3692363921,124
3692363921,80
3692363921,14
3692364583,91
3693028967,4
3693028975,69
3693031616,47
3693031616,43
3693031616,11
3693032353,104
3693033842,63
3693034684,96
3693034691,42
3693034850,48
3693035413,92
3693035505,88
3693035554,9
3693035612,88
3693036850,100
3693037054,104
3693037588,96
3693037942,67
3693038067,17
3693038433,96
3693038606,81
3693038731,9
3693038960,146
3693038962,146
3693038976,92
3693038998,112
3693038998,49
3693039588,68
3693039592,128
3693039908,43
3693039928,146
3693039968,104
3693040603,44
3693040696,14
3693040776,100
3693040865,51
3693040868,96
3693040873,146
3693040913,36
3693040943,96
3693040951,12
3693040996,14
3693040996,17
3693040996,15
3693040997,112
3693040997,147
3693040997,135
3693041274,96
3693041361,43
3693041555,126
3693041637,96
3693041720,146
3693041721,146
3693041722,146
3693041811,4
3693041818,96
3693041818,52
3693041818,99
3693041825,51
3693041825,48
3693041825,62
3693041833,104
3693041864,122
3693041882,43
3693041884,96
3693041892,43
3693041894,23
3693041907,84
3693041907,96
3693041908,9
3693041909,6
3693041909,1
3693041909,84
3693041910,25
3693041913,92
3693041916,88
3693041917,124
3693041918,19
3693041922,104
3693041924,11
3693041925,80
3693041926,23
3693041926,34
3693041929,96
3693041929,4
3693041929,118
3693041930,24
3693041930,112
3693041933,4
3693041934,75
3693041937,96
3693041945,53
3693041949,96
3693041955,109
3693041956,34
3693041960,96
3693041970,43
3693041982,14
3693041983,112
3693041989,14
3693041990,43
3693041994,18
3693041997,53
3693042031,7
3693042696,24
3693042760,146
3693042761,146
3693042772,146
3693042844,43
3693042889,56
3693042908,104
3693042908,14
3693042908,139
3693042911,86
3693042936,104
3693042936,1
3693042937,41
3693042938,104
3693042938,91
3693042942,86
3693042944,96
3693042945,9
3693042949,96
3693042951,96
3693042954,43
3693042960,46
3693042960,43
3693042962,104
3693042964,80
3693042966,14
3693042971,104
3693042971,137
3693042971,14
3693042974,42
3693042974,14
3693042975,47
3693042977,32
3693042977,23
3693042977,34
3693042981,100
3693042983,104
3693042984,96
3693042988,104
3693043308,4
3693043469,146
3693043608,53
3693043623,57
3693043623,54
3693043623,86
3693043626,148
3693043649,57
3693043650,43
3693043652,96
3693043655,69
3693043655,68
3693043658,148
3693043661,104
3693043664,96
3693043667,41
3693043667,43
3693043669,80
3693043675,84
3693043676,96
3693043682,89
3693043685,25
3693043687,56
3693043688,49
3693043688,48
3693043688,116
3693043689,104
3693043690,137
3693043692,53
3693043695,34
3693043696,96
3693043696,4
3693043696,6
3693043697,137
3693043698,4
3693043698,6
3693043698,96
3693043699,96
3693043700,27
3693043702,34
3693043702,23
3693043705,137
3693043717,75
3693043717,148
3693043719,27
3693043721,116
3693043722,98
3693043723,53
3693043725,31
3693043725,32
3693043725,34
3693043727,96
3693043727,4
3693043727,80
3693043729,96
3693043732,69
3693043732,67
3693043732,68
3693043736,57
3693043740,96
3693043740,41
3693043740,102
3693043742,96
3693043743,96
3693043745,84
3693043746,96
3693043747,31
3693043747,110
3693043747,23
3693043750,96
3693043756,30
3693043757,36
3693043758,67
3693043777,100
3693043781,1
3693043806,19
3693043812,14
3693043812,124
3693043812,96
3693043815,27
3693043836,139
3693043836,14
3693043839,96
3693043839,22
3693043840,96
3693043842,96
3693043843,104
3693043845,32
3693043847,96
3693043848,94
3693043848,52
3693043848,1
3693043849,42
3693043850,99
3693043851,96
3693043852,17
3693043855,44
3693043859,17
3693043870,96
3693043876,14
3693043878,96
3693043881,96
3693043881,24
3693043881,28
3693043883,96
3693043884,124
3693043889,135
3693043890,104
3693043890,53
3693043890,112
3693043892,96
3693043892,92
3693043900,104
3693043902,96
3693043905,47
3693043908,104
3693043911,96
3693043912,17
3693043913,83
3693043914,81
3693043918,96
3693043922,26
3693043925,96
3693043925,15
3693043925,14
3693043927,68
3693043932,96
3693043933,96
3693043934,96
3693043936,42
3693043945,44
3693043945,46
3693043945,43
3693043949,96
3693043951,96
3693043952,96
3693043956,36
3693043956,97
3693043956,80
3693043958,14
3693043958,104
3693043959,137
3693043959,14
3693043961,96
3693043964,96
3693043967,104
3693043969,12
3693043969,15
3693043970,1
3693043970,135
3693043975,96
3693043976,44
3693043979,96
3693044240,100
3693044246,40
3693044248,83
3693044250,15
3693044251,39
3693044267,96
3693044269,8
3693044271,100
3693044273,9
3693044273,10
3693044277,11
3693044281,9
3693044295,96
3693044297,96
3693044299,104
3693044299,25
3693044299,96
3693044300,144
3693044307,91
3693044309,11
3693044310,96
3693044312,31
3693044313,96
3693044317,96
3693044318,96
3693044321,104
3693044322,43
3693044324,96
3693044326,147
3693044327,9
3693044327,10
3693044338,104
3693044339,28
3693044340,6
3693044344,104
3693044347,96
3693044348,86
3693044349,9
3693044349,10
3693044351,100
3693044356,11
3693044359,96
3693044361,96
3693044363,42
3693044369,96
3693044376,14
3693044380,27
3693044380,25
3693044380,43
3693044405,104
3693044405,96
3693044419,96
3693044419,22
3693044420,18
3693044422,27
3693044436,13
3693044436,14
3693044437,56
3693044439,96
3693044442,4
3693044446,146
3693044448,104
3693044453,96
3693044456,47
3693044457,96
3693044461,23
3693044463,9
3693044468,14
3693044471,94
3693044471,1
3693044471,52
3693044473,4
3693044473,118
3693044473,96
3693044477,42
3693044478,27
3693044479,137
3693044480,15
3693044481,68
3693044481,104
3693044481,100
3693044482,14
3693044487,30
3693044488,104
3693044489,96
3693044491,15
3693044497,4
3693044499,47
3693044503,95
3693044517,92
3693044528,96
3693044529,68
3693044530,137
3693044532,96
3693044534,96
3693044535,122
3693044539,104
3693044540,69
3693044544,123
3693044545,107
3693044547,1
3693044547,112
3693044549,40
3693044551,19
3693044556,56
3693044556,54
3693044556,49
3693044557,124
3693044558,14
3693044565,90
3693044565,85
3693044568,106
3693044572,96
3693044572,33
3693044575,68
3693044575,101
3693044575,131
3693044578,75
3693044608,96
3693044634,11
3693044634,96
3693044634,123
3693044635,100
3693044636,137
3693044644,27
3693044647,27
3693044647,80
3693044649,94
3693044650,41
3693044650,43
3693044652,59
3693044658,14
3693044662,4
3693044669,80
3693044673,18
3693044677,104
3693044685,44
3693044699,104
3693044699,14
3693044700,17
3693044705,49
3693044705,48
3693044705,116
3693044709,97
3693044714,18
3693044725,11
3693044725,137
3693044725,132
3693044727,80
3693044736,146
3693044738,47
3693044739,33
3693044739,132
3693044740,96
3693044741,137
3693044744,125
3693044744,124
3693044745,48
3693044748,75
3693044760,41
3693044762,42
3693044765,70
3693044768,44
3693044773,104
3693044800,27
3693044803,96
3693044806,104
3693044807,27
3693044808,96
3693044809,41
3693044809,45
3693044809,43
3693044813,96
3693044813,118
3693044814,96
3693044816,46
3693044819,96
3693044827,9
3693044827,10
3693044828,96
3693044837,63
3693044837,57
3693044845,135
3693044845,48
3693044861,125
3693044861,25
3693044865,96
3693044866,9
3693044873,104
3693044878,104
3693044888,57
3693044890,15
3693044890,14
3693044891,96
3693044911,96
3693044912,96
3693044914,112
3693044914,147
3693044915,14
3693044917,41
3693044917,45
3693044919,53
3693044919,112
3693044920,96
3693044924,68
3693044925,104
3693044929,96
3693044931,49
3693044933,83
3693044949,69
3693044955,31
3693044955,34
3693044955,68
3693044962,138
3693044962,55
3693044962,135
3693044964,4
3693044964,96
3693044968,48
3693044969,6
3693044975,123
3693044982,53
3693044984,6
3693044985,96
3693044986,8
3693044986,119
3693044990,19
3693044996,44
3693044997,44
3693044999,43
3693045025,40
3693045062,146
3693045160,43
3693045172,96
3693045179,112
3693045179,53
3693045185,96
3693045185,43
3693045190,47
3693045191,104
3693045195,133
3693045212,96
3693045215,15
3693045216,42
3693045216,47
3693045220,34
3693045222,14
3693045226,9
3693045229,96
3693045232,19
3693045232,28
3693045232,6
3693045236,96
3693045236,15
3693045236,12
3693045237,30
3693045238,96
3693045240,25
3693045240,34
3693045240,23
3693045241,104
3693045241,28
3693045241,33
3693045242,28
3693045248,104
3693045251,4
3693045253,42
3693045257,116
3693045257,48
3693045259,43
3693045259,96
3693045259,41
3693045260,14
3693045264,34
3693045269,14
3693045275,54
3693045279,96
1928027033,48
3099261661,135
3557311439,17
3640739067,42
3653922092,141
3674585247,56
3683918914,48
3683926341,48
3687024983,96
3688980245,48
3689674972,48
3689687080,48
3693045282,14
3693045283,68
3693045284,42
3693045288,9
3693045288,10
3693045289,100
3693045291,47
3693045292,59
3693045295,41
3693045295,45
3693045296,48
3693045304,25
3693045304,6
3693045305,69
3693045306,42
3693045307,43
3693045309,104
3693045309,96
3693045318,4
3693045346,44
3693045365,96
3693045366,135
3693045370,11
3693045371,55
3693045375,4
3693045378,48
3693045378,57
3693045379,27
3693045381,17
3693045385,92
3693045386,8
3693045389,50
3693045396,96
3693045397,138
3693045402,56
3693045405,96
3693045406,47
3693045413,96
3693045422,43
3693045426,4
3693045428,43
3693045432,26
3693045435,42
3693045439,96
3693045448,127
3693045448,109
3693045456,86
3693045463,43
3693045464,48
3693045464,128
3693045465,96
3693045467,96
3693045468,96
3693045472,100
3693045476,8
3693045477,99
3693045477,50
3693045477,48
3693045479,45
3693045486,116
3693045487,75
3693045490,100
3693045493,12
3693045494,104
3693045496,44
3693045498,122
3693045500,11
3693045501,48
3693045501,57
3693045502,96
3693045504,104
3693045504,128
3693045504,44
3693045505,27
3693045505,19
3693045541,13
3693045576,41
3693045576,43
3693045586,43
3693045590,4
3693045594,96
3693045594,33
3693045598,53
3693045598,4
3693045598,3
3693045603,96
3693045614,59
3693045619,80
3693045620,14
3693045623,59
3693045629,96
3693045630,59
3693045631,14
3693045636,104
3693045644,124
3693045657,126
3693045665,17
3693045665,15
3693045665,52
3693045672,43
3693045676,96
3693045680,96
3693045681,104
3693045682,96
3693045683,17
3693045684,96
3693045688,61
3693045701,104
3693045703,100
3693045705,96
3693045706,48
3693045710,6
3693045711,104
3693045715,14
3693045716,116
3693045716,112
3693045720,4
3693045720,96
3693045721,96
3693045742,14
3693045745,96
3693045753,104
3693045755,75
3693045756,104
3693045762,135
3693045775,96
3693045777,25
3693045780,96
3693045781,96
3693045784,53
3693045785,104
3693045785,94
3693045793,96
3693045799,96
3693045800,59
3693045810,96
3693045814,56
3693045819,80
3693045841,50
3693045841,27
3693045843,96
3693045845,104
3693045847,54
3693045866,11
3693045868,118
3693045873,44
3693045874,86
3693045876,41
3693045890,104
3693045892,24
3693045892,4
3693045896,19
3693045898,104
3693045903,96
3693045904,96
3693045905,14
3693045914,41
3693045914,45
3693045914,43
3693045918,96
3693045921,14
3693045933,31
3693045940,96
3693045946,88
3693045947,4
3693045953,48
3693045955,147
3693045955,17
3693045955,15
3693045957,52
3693045957,94
3693045959,104
3693045960,4
3693045963,118
3693045971,53
3693045974,14
3693045977,104
3693045978,116
3693045978,49
3693045981,33
3693045991,17
3693045997,59
3693045998,44
3693045999,44
3693046040,96
3693046070,129
3693046077,96
3693046079,96
3693046080,10
3693046080,43
3693046081,52
3693046081,94
3693046082,52
3693046082,94
3693046086,49
3693046103,96
3693046104,40
3693046105,96
3693046106,106
3693046109,53
3693046110,47
3693046111,92
3693046112,14
3693046116,19
3693046118,25
3693046119,12
3693046119,15
3693046120,104
3693046122,104
3693046126,44
3693046127,14
3693046128,9
3693046131,143
3693046131,27
3693046138,92
3693046140,104
3693046142,44
3693046144,23
3693046145,104
3693046147,25
3693046148,32
3693046148,34
3693046149,47
3693046152,96
3693046153,89
3693046155,96
3693046159,11
3693046160,112
3693046164,104
3693046164,14
3693046164,15
3693046169,11
3693046171,9
3693046176,100
3693046187,80
3693046187,36
3693046187,28
3693046191,41
3693046191,43
3693046194,14
3693046198,96
3693046198,84
3693046225,19
3693046227,1
3693046227,147
3693046227,54
3693046229,135
3693046233,143
3693046239,96
3693046241,96
3693046243,80
3693046245,92
3693046269,104
3693046272,23
3693046274,56
3693046275,139
3693046275,124
3693046275,14
3693046276,15
3693046276,12
3693046279,15
3693046279,12
3693046279,17
3693046281,104
3693046283,96
3693046284,9
3693046287,104
3693046288,48
3693046288,55
3693046288,92
3693046289,41
3693046291,96
3693046297,96
3693046297,4
3693046297,43
3693046298,96
3693046302,43
3693046304,80
3693046306,96
3693046308,30
3693046310,80
3693046311,54
3693046312,42
3693046315,96
3693046316,96
3693046318,68
3693046322,104
3693046325,10
3693046325,9
3693046326,96
3693046337,6
3693046340,4
3693046343,42
3693046343,118
3693046346,4
3693046355,49
3693046355,48
3693046357,34
3693046357,25
3693046364,96
3693046365,75
3693046368,96
3693046369,96
3693046373,5
3693046373,6
3693046373,1
3693046377,14
3693046379,137
3693046382,96
3693046383,96
3693046384,11
3693046386,91
3693046387,14
3693046387,13
3693046388,31
3693046391,51
3693046396,41
3693046398,135
3693046400,49
3693046402,80
3693046436,104
3693046440,104
3693046443,96
3693046445,84
3693046446,9
3693046466,110
3693046471,80
3693046472,96
3693046472,33
3693046474,96
3693046476,43
3693046477,19
3693046478,68
3693046478,101
3693046478,100
3693046479,14
3693046487,52
3693046487,94
3693046487,1
3693046494,59
3693046496,59
3693046499,99
3693046503,24
3693046504,55
3693046507,14
3693046509,94
3693046509,92
3693046509,56
3693046511,69
3693046513,41
3693046513,42
3693046513,43
3693046519,44
3693046519,128
3693046519,48
3693046528,51
3693046534,78
3693046536,15
3693046536,17
3693046536,12
3693046540,54
3693046540,96
3693046545,96
3693046554,96
3693046563,14
3693046566,104
3693046567,96
3693046568,135
3693046568,48
3693046568,34
3693046569,11
3693046570,104
3693046570,48
3693046570,55
3693046572,92
3693046572,87
3693046572,116
3693046574,4
3693046575,57
3693046591,92
3693046591,104
3693046595,47
3693046602,50
3693046605,43
3693046606,96
3693046609,96
3693046618,61
3693046618,54
3693046618,59
3693046632,104
3693046634,112
3693046635,17
3693046636,96
3693046648,86
3693046651,80
3693046651,28
3693046661,80
3693046675,112
3693046675,135
3693046675,25
3693046677,15
3693046677,12
3693046678,96
3693046681,27
3693046685,47
3693046687,137
3693046691,96
3693046692,124
3693046697,23
3693046701,25
3693046709,99
3693046711,104
3693046718,104
3693046734,96
3693046736,43
3693046736,42
3693046736,46
3693046738,100
3693046747,42
3693046747,47
3693046753,125
3693046757,41
3693046757,43
3693046758,42
3693046772,17
3693046774,104
3693046775,96
3693046779,112
3693046779,54
3693046780,8
3693046782,96
3693046790,27
3693046790,18
3693046791,46
3693046793,69
3693046795,44
3693046797,104
3693046797,14
3693046799,41
3693046800,43
3693046801,96
3693046802,48
3693046808,14
3693046813,49
3693046814,96
3693046815,98
3693046815,80
3693046816,14
3693046819,96
3693046821,15
3693046821,12
3693046821,17
3693046823,9
3693046824,96
3693046824,8
3693046829,14
3693046839,96
3693046840,104
3693046843,48
3693046843,51
3693046843,50
3693046844,14
3693046845,104
3693046848,147
3693046849,44
3693046852,68
3693046857,96
3693046865,31
3693046873,104
3693046875,54
3693046881,104
3693046882,31
3693046885,57
3693046896,104
3693046899,96
3693046907,91
3693046907,18
3693046907,27
3693046908,91
3693046908,18
3693046908,27
3693046909,48
3693046909,51
3693046910,91
3693046910,18
3693046910,27
3693046924,100
3693046924,14
3693046924,139
3693046926,96
3693046931,4
3693046933,106
3693046938,96
3693046942,68
3693046947,6
3693046964,41
3693046964,43
3693046964,42
3693046967,68
3693046967,69
3693046981,48
3693046985,96
3693046986,48
3693046998,68
3693046999,1
3693046999,51
3693046999,52
3693047002,135
3693047014,96
3693047059,96
3693047061,104
3693047065,96
3693047067,142
3693047097,96
3693047097,11
3693047098,29
3693047100,96
3693047106,51
3693047109,47
3693047121,47
3693047125,19
3693047126,14
3693047129,100
3693047129,86
3693047132,139
3693047136,96
3693047146,9
3693047155,43
3693047158,27
3693047158,93
3693047166,36
3693047167,96
3693047170,96
3693047170,95
3693047170,135
3693047172,104
3693047173,53
3693047189,80
3693047211,135
3693047224,11
3693047226,123
3693047228,139
3693047229,6
3693047232,96
3693047233,48
3693047233,4
3693047234,4
3693047234,27
3693047236,104
3693047257,104
3693047263,23
3693047264,104
3693047272,11
3693047273,122
3693047273,48
3693047276,19
3693047277,4
3693047279,80
3693047283,50
3693047284,9
3693047288,48
3693047292,59
3693047292,57
3693047303,48
3693047307,4
3693047310,43
3693047313,112
3693047316,137
3693047316,4
3693047323,48
3693047323,44
3693047324,53
3693047326,105
3693047327,104
3693047329,43
3693047330,96
3693047333,116
3693047333,112
3693047337,27
3693047338,27
3693047342,122
3693047344,96
3693047347,96
3693047347,4
3693047347,138
3693047348,96
3693047351,96
3693047353,96
3693047361,96
3693047363,96
3693047363,8
3693047363,119
3693047369,96
3693047378,104
3693047382,96
3693047387,112
3693047387,17
3693047393,123
3693047412,47
3693047414,42
3693047415,104
3693047420,41
3693047420,43
3693047420,96
3693047424,104
3693047425,52
3693047459,86
3693047461,132
3693047463,96
3693047464,59
3693047465,56
3693047469,104
3693047488,59
3693047490,80
3693047492,44
3693047496,95
3693047513,96
3693047516,55
3693047518,96
3693047518,47
3693047518,50
3693047523,43
3693047529,27
3693047529,41
3693047537,25
3693047544,104
3693047547,48
3693047547,24
3693047549,41
3693047551,27
3693047554,96
3693047561,49
3693047578,19
3693047579,80
3693047589,135
3693047591,104
3693047593,96
3693047596,96
3693047617,9
3693047619,96
3693047624,86
3693047625,128
3693047625,44
3693047626,75
3693047630,124
3693047643,96
3693047648,42
3693047659,147
3693047675,124
3693047679,104
3693047681,31
3693047685,141
3693047686,54
3693047686,53
3693047686,117
3693047687,96
3693047687,80
3693047687,99
3693047688,139
3693047689,112
3693047689,135
3693047689,25
3693047691,43
3693047697,53
3693047700,10
3693047702,80
3693047703,43
3693047703,6
3693047705,40
3693047709,84
3693047713,24
3693047713,4
3693047730,42
3693047735,96
3693047735,53
3693047737,15
3693047737,12
3693047737,17
3693047738,14
3693047744,77
3693047744,78
3693047748,96
3693047749,96
3693047755,104
3693047761,96
3693047775,96
3693047779,69
3693047783,100
3693047788,48
3693047788,51
3693047788,50
3693047791,10
3693047796,57
3693047796,144
3693047802,43
3693047804,8
3693047805,34
3693047805,135
3693047810,44
3693047820,14
3693047821,49
3693047822,44
3693047822,46
3693047822,14
3693047824,11
3693047825,4
3693047825,48
3693047825,6
3693047827,96
3693047829,27
3693047831,84
3693047834,3198
3693047837,104
3693047845,125
3693047847,43
3693047847,4
3693047848,44
3693047855,14
3693047856,4
3693047857,135
3693047861,96
3693047865,148
3693047866,96
3693047870,104
3693047883,96
3693047887,104
3693047890,27
3693047894,96
3693047898,48
3693047900,48
3693047900,112
3693047901,96
3693047902,103
3693047902,80
3693047906,96
3693047907,96
3693047909,124
3693047921,91
3693047921,18
3693047921,27
3693047923,4
3693047934,50
3693047935,75
3693047935,36
3693047935,80
3693047938,14
3693047939,27
3693047939,22
3693047939,14
3693047941,69
3693047949,14
3693047949,42
3693047949,75
3693047966,41
3693047966,43
3693047966,42
3693047968,3197
3693047976,28
3693047976,137
3693047976,75
3693047979,14
3693047981,96
3693047982,15
3693047985,6
3693047987,54
3693047990,86
3693047991,84
3693047992,48
3693047999,124
3693048012,112
3693048013,96
3693048019,96
3693048019,42
3693048022,27
3693048023,43
3693048023,42
3693048023,45
3693048025,84
3693048025,6
3693048025,11
3693048027,86
3693048029,25
3693048033,143
3693048033,19
3693048035,88
3693048037,43
3693048041,44
3693048042,11
3693048045,104
3693048049,7
3693048056,104
3693048057,96
3693048061,104
3693048063,19
3693048063,27
3693048063,143
3693048064,8
3693048066,104
3693048068,96
3693048072,9
3693048072,10
3693048078,96
3693048078,33
3693048080,23
3693048087,14
3693048098,8
3693048102,48
3693048108,96
3693048112,56
3693048112,53
3693048116,25
3693048116,23
3693048116,34
3693048144,8
3693048153,96
3693048156,18
3693048158,68
3693048160,70
3693048181,34
3693048189,92
3693048192,9
3693048195,80
3693048206,6
3693048210,48
3693048210,55
3693048210,92
3693048211,96
3693048213,48
3693048217,96
3693048218,50
3693048218,48
3693048220,104
3693048222,70
3693048224,146
3693048225,96
3693048229,92
3693048232,100
3693048239,14
3693048246,70
3693048246,99
3693048248,96
3693048249,124
3693048250,69
3693048252,96
3693048253,25
3693048255,52
3693048256,18
3693048258,104
3693048265,88
3693048265,69
3693048265,67
3693048267,48
3693048268,124
3693048269,48
3693048270,96
3693048272,122
3693048273,96
3693048274,100
3693048275,96
3693048275,33
3693048278,15
3693048278,70
3693048281,31
3693048282,96
3693048287,27
3693048287,96
3693048290,4
3693048319,48
3693048320,15
3693048320,80
3693048322,96
3693048354,48
3693048355,104
3693048357,55
3693048362,100
3693048365,27
3693048366,104
3693048367,59
3693048369,104
3693048372,46
3693048372,43
3693048377,25
3693048377,53
3693048379,47
3693048379,25
3693048379,91
3693048383,27
3693048384,112
3693048387,75
3693048387,96
3693048387,6
3693048389,59
3693048390,59
3693048395,34
3693048397,96
3693048398,54
3693048399,104
3693048400,96
3693048401,96
3693048403,96
3693048405,41
3693048405,43
3693048406,68
3693048406,96
3693048406,11
3693048409,45
3693048409,41
3693048409,46
3693048415,96
3693048422,96
3693048426,27
3693048433,96
3693048437,96
3693048438,96
3693048439,48
3693048439,50
3693048442,100
3693048443,96
3693048444,34
3693048446,4
3693048448,67
3693048449,104
3693048465,96
3693048466,14
3693048470,96
3693048472,100
3693048473,145
3693048475,96
3693048476,96
3693048476,41
3693048476,120
3693048477,137
3693048480,56
3693048481,144
3693048494,43
3693048496,12
3693048500,128
3693048500,44
3693048500,48
3693048501,104
3693048502,123
3693048506,96
3693048506,1
3693048506,52
3693048509,106
3693048509,46
3693048509,43
3693048512,124
3693048521,4
3693048524,124
3693048540,96
3693048543,96
3693048544,146
3693048550,65
3693048552,14
3693048554,96
3693048557,14
3693048566,17
3693048566,25
3693048566,15
3693048569,104
3693048570,96
3693048589,14
3693048589,15
3693048589,13
3693048597,68
3693048597,101
3693048597,131
3693048600,100
3693048603,11
3693048619,43
3693048620,15
3693048623,113
3693048624,124
3693048643,104
3693048644,135
3693048645,86
3693048647,8
3693048648,96
3693048652,135
3693048656,30
3693048657,135
3693048668,96
3693048676,44
3693048677,144
3693048677,6
3693048677,4
3693048680,104
3693048684,135
3693048686,19
3693048690,104
3693048695,54
3693048698,44
3693048705,6
3693048707,100
3693048708,106
3693048709,53
3693048710,41
3693048714,30
3693048715,9
3693048722,7
3693048728,128
3693048732,14
3693048738,14
3693048744,104
3693048750,54
3693048752,27
3693048759,100
3693048760,25
3693048760,52
3693048760,1
3693048761,14
3693048766,14
3693048776,48
3693048776,49
3693048780,91
3693048780,18
3693048780,27
3693048790,100
3693048790,14
3693048790,139
3693048801,69
3693048805,3192
3693048806,48
3693048807,1
3693048809,8
3693048827,6
3693048835,31
3693048836,31
3693048844,42
3693048864,112
3693048864,147
3693048864,135
3693048869,41
3693048869,43
3693048869,121
3693048872,57
3693048872,144
3693048872,54
3693048875,1
3693048875,52
3693048875,71
3693048877,14
3693048880,10
3693048882,96
3693048883,6
3693048883,4
3693048890,104
3693048891,96
3693048891,84
3693048892,80
3693048894,96
3693048898,47
3693048898,124
3693048898,14
3693048899,96
3693048900,43
3693048900,46
3693048905,14
3693048907,27
3693048908,1
3693048908,94
3693048908,71
3693048909,92
3693048912,68
3693048913,68
3693048914,14
3693048914,2081
3693048915,43
3693048917,14
3693048917,2081
3693048923,49
3693048924,49
3693048925,53
3693048936,80
3693048939,96
3693048940,104
3693048941,15
3693048943,96
3693048945,48
3693048946,48
3693048947,57
3693048948,75
3693048948,92
3693048949,17
3693048951,69
3693048951,67
3693048951,68
3693048953,48
3693048954,14
3693048954,88
3693048954,31
3693048957,44
3693048958,14
3693048958,88
3693048958,31
3693048969,23
3693048986,4
3693048989,4
3693048989,14
3693048989,96
3693048993,4
3693048995,133
3693049001,53
3693049003,11
3693049009,104
3693049009,41
3693049010,96
3693049016,104
3693049024,53
3693049026,137
3693049030,42
3693049048,96
3693049072,104
3693049072,44
3693049080,9
3693049082,96
3693049102,104
3693049103,96
3693049104,5
3693049108,7
3693049110,96
3693049111,91
3693049115,53
3693049115,27
3693049116,96
3693049117,121
3693049118,70
3693049119,14
3693049125,86
3693049132,118
3693049133,137
3693049135,27
3693049150,96
3693049154,104
3693049156,96
3693049158,26
3693049159,92
3693049161,9
3693049168,96
3693049169,9
3693049169,10
3693049170,115
3693049171,96
3693049176,122
3693049180,25
3693049181,25
3693049181,48
3693049188,48
3693049189,42
3693049194,34
3693049197,96
3693049199,104
3693049200,68
3693049212,53
3693049214,115
3693049218,118
3693049218,25
3693049218,93
3693049219,25
3693049220,45
3693049220,46
3693049220,43
3693049221,96
3693049221,84
3693049224,104
3693049229,108
3693049231,49
3693049264,96
3693049281,23
3693049285,11
3693049290,96
3693049291,94
3693049295,96
3693049298,1
3693049301,59
3693049304,104
3693049315,96
3693049321,59
3693049322,59
3693049325,59
3693049326,112
3693049326,116
3693049327,96
3693049332,42
3693049337,96
3693049341,104
3693049342,25
3693049352,96
3693049354,80
3693049364,28
3693049365,34
3693049365,23
3693049367,96
3693049369,104
3693049370,43
3693049374,43
3693049382,96
3693049390,14
3693049401,24
3693049402,96
3693049405,112
3693049407,14
3693049408,96
3693049409,55
3693049412,27
3693049413,42
3693049413,96
3693049416,96
3693049430,48
3693049430,92
3693049430,56
3693049436,104
3693049437,43
3693049438,75
3693049438,77
3693049439,96
3693049439,4
3693049445,104
3693049458,104
3693049463,4
3693049466,52
3693049467,14
3693049475,116
3693049476,14
3693049480,104
3693049480,96
3693049480,137
3693049483,104
3693049483,59
3693049490,53
3693049504,96
3693049510,47
3693049513,91
3693049515,55
3693049516,75
3693049518,7
3693049521,56
3693049530,86
3693049530,59
3693049533,44
3693049540,104
3693049542,96
3693049560,56
3693049564,100
3693049569,15
3693049569,12
3693049569,17
3693049571,37
3693049579,137
3693049603,11
3693049603,86
3693049603,123
3693049608,56
3693049608,71
3693049610,104
3693049616,96
3693049617,96
3693049622,104
3693049623,27
3693049623,22
3693049623,14
3693049628,53
3693049629,6
3693049630,27
3693049632,47
3693049632,27
3693049641,44
3693049649,112
3693049654,53
3693049654,48
3693049658,92
3693049661,96
3693049662,92
3693049666,96
3693049667,80
3693049670,4
3693049671,44
3693049672,3
3693049684,11
3693049687,88
3693049688,57
3693049690,135
3693049693,31
3693049696,70
3693049701,9
3693049702,96
3693049704,14
3693049706,80
3693049708,48
3693049717,31
3693049719,68
3693049720,44
3693049722,54
3693049724,54
3693049726,14
3693049730,88
3693049730,76
3693049746,91
3693049746,18
3693049746,27
3693049747,91
3693049747,18
3693049747,27
3693049749,91
3693049749,18
3693049749,27
3693049764,104
3693049764,14
3693049764,11
3693049768,104
3693049775,148
3693049775,14
3693049778,96
3693049798,41
3693049798,43
3693049798,42
3693049802,6
3693049804,6
3693049807,11
3693049808,96
3693049812,1
3693049816,1
3693049817,96
3693049823,61
3693049826,86
3693049836,15
3693049838,96
3693049839,104
3693049847,96
3693049864,59
3693049864,57
3693049864,51
3693049865,1
3693049869,14
3693049869,139
3693049872,88
3693049875,84
3693049877,6
3693049877,4
3693049879,27
3693049880,92
3693049880,57
3693049883,43
3693049884,43
3693049893,50
3693049893,48
3693049896,84
3693049897,6
3693049897,4
3693049899,4
3693049901,68
3693049907,92
3693049909,6
3693049909,4
3693049911,27
3693049919,55
3693049922,139
3693049927,4
3693049928,135
3693049930,14
3693049933,142
3693049941,96
3693049950,6
3693049952,104
3693049955,15
3693049955,23
3693049955,12
3693049964,48
3693049991,27
3693049993,6
3693049993,4
3693050002,80
3693050004,80
3693050008,104
3693050049,53
3693050049,42
3693050076,104
3693050079,52
3693050081,80
3693050087,17
3693050088,104
3693050092,104
3693050094,112
3693050095,96
3693050096,9
3693050105,25
3693050105,135
3693050106,47
3693050106,1
3693050106,43
3693050109,43
3693050116,53
3693050116,135
3693050118,86
3693050118,14
3693050122,47
3693050122,43
3693050123,96
3693050125,27
3693050125,19
3693050127,96
3693050128,104
3693050134,137
3693050135,105
3693050140,96
3693050143,104
3693050144,96
3693050145,15
3693050145,12
3693050145,17
3693050149,69
3693050150,96
3693050153,80
3693050157,12
3693050157,70
3693050157,25
3693050158,104
3693050164,96
3693050164,15
3693050164,17
3693050174,4
3693050175,27
3693050179,50
3693050179,99
3693050179,48
3693050181,4
3693050182,13
3693050184,96
3693050187,54
3693050193,15
3693050194,96
3693050195,104
3693050208,4
3693050241,143
3693050241,19
3693050263,124
3693050268,96
381055942,89
3693050275,96
3693050279,68
3693050281,11
3693050286,126
3693050288,124
3693050291,54
3693050293,96
3693050297,59
3693050298,96
3693050298,15
3693050303,47
3693050311,17
3693050311,12
3693050332,75
3693050333,48
3693050334,96
3693050352,4
3693050356,91
3693050361,10
3693050361,9
3693050362,15
3693050362,12
3693050362,17
3693050365,27
3693050366,51
3693050366,59
3693050367,17
3693050369,139
3693050379,27
3693050386,96
3693050395,14
3693050407,48
3693050412,42
3693050417,143
3693050442,1
3693050442,71
3693050445,96
3693050447,9
3693050448,112
3693050448,116
3693050448,47
3693050454,49
3693050459,43
3693050460,96
3693050460,1
3693050460,52
3693050462,48
3693050463,137
3693050464,96
3693050466,48
3693050467,4
3693050471,96
3693050473,84
3693050488,104
3693050489,80
3693050493,42
3693050493,43
3693050498,43
3693050501,86
3693050502,11
3693050507,104
3693050508,96
3693050527,96
3693050538,68
3693050544,42
3693050555,96
3693050561,104
3693050562,75
3693050564,84
3693050565,96
3693050567,91
3693050570,25
3693050571,96
3693050571,14
3693050572,135
3693050579,42
3693050579,47
3693050581,15
3693050581,16
3693050606,96
3693050614,96
3693050615,84
3693050616,14
3693050619,14
3693050622,14
3693050623,44
3693050630,14
3693050631,14
3693050636,31
3693050639,100
3693050640,57
3693050654,44
3693050666,96
3693050669,49
3693050669,48
3693050670,116
3693050675,133
3693050683,100
3693050685,82
3693050686,80
3693050688,96
3693050705,69
3693050705,67
3693050705,68
3693050706,27
3693050721,54
3693050721,57
3693050722,91
3693050722,18
3693050722,27
3693050730,15
3693050740,96
3693050741,104
3693050743,96
3693050746,4
3693050750,96
3693050755,80
3693050755,113
3693050755,136
3693050756,14
3693050775,41
3693050775,43
3693050775,42
3693050776,41
3693050776,43
3693050776,42
3693050777,31
3693050789,104
3693050793,44
3693050797,14
3693050799,14
3693050801,43
3693050801,46
3693050801,45
3693050813,12
3693050814,9
3693050815,96
3693050817,44
3693050823,4
3693050824,112
3693050824,104
3693050826,1
3693050833,68
3693050834,68
3693050837,14
3693050837,2040
3693050838,42
3693050843,6
3693050843,4
3693050844,69
3693050846,49
3693050854,54
3693050854,15
3636503102,42
3693050855,104
3693050857,104
3693050858,48
3693050860,14
3693050861,104
3693050862,43
3693050862,44
3693050864,48
3693050866,6
3693050866,4
3693050868,14
3693050868,88
3693050868,31
3693050869,4
3693050871,84
3693050871,6
3693050871,11
3693050873,1810
3693050884,139
3693050886,94
3693050889,104
3693050890,4
3693050890,14
3693050890,96
3693050899,116
3693050903,124
3693050903,91
3693050905,27
3693050905,133
3693050905,116
3693050875,3
3693050912,43
3693050912,94
3693050912,15
3693050917,96
3693050930,112
3693050931,4
3693050934,53
3693050934,112
3693050962,96
3693050963,70
3693050966,128
3693050967,91
3693050970,144
3693050972,4
3693050973,92
3693050974,80
3693050979,96
3693050984,91
3693050984,25
3693050985,31
3693050989,80
3693050995,96
3693050998,41
3693050998,43
3693051005,96
3693051014,6
3693051019,104
3693051019,42
3693051049,15
3693051049,12
3693051049,17
3693051052,34
3693051054,96
3693051055,8
3693051058,104
3693051061,144
3693051062,7
3693051063,109
3693051072,11
3693051072,59
3693051078,96
3693051093,92
3693051095,84
3693051101,3
3693051102,47
3693051109,47
3693051113,96
3693051115,96
3693051123,80
3693051124,96
3693051125,43
3693051125,42
3693051129,96
3693051132,104
3693051133,1
3693051138,34
3693051141,96
3693051142,14
3693051144,59
3693051144,48
3693051144,144
3693051146,3
3693051146,1
3693051146,96
3693051149,96
3693051150,18
3693051152,9
3693051153,104
3693051156,15
3693051158,96
3693051168,57
3693051172,34
3693051174,96
3693051174,4
3693051176,18
3693051177,37
3693051203,17
3693051206,25
3693051206,20
3693051208,80
3693051212,96
3693051213,88
3693051214,104
3693051214,52
3693051215,96
3693051225,54
3693051241,96
3693051244,49
3693051244,145
3693051244,48
3693051246,13
3693051247,48
3693051248,117
3693051248,25
3693051250,96
3693051257,48
3693051262,96
3693051280,43
3693051290,96
3693051293,8
3693051300,42
3693051310,104
3693051318,94
3693051324,135
3693051324,147
3693051334,105
3693051337,96
3693051338,75
3693051340,104
3693051343,86
3693051344,139
3693051345,104
3693051350,104
3693051353,56
3693051363,18
3693051364,92
3693051365,96
3693051377,96
3693051383,96
3693051385,10
3693051385,9
3693051390,67
3693051392,128
3693051397,44
3693051397,42
3693051398,96
3693051402,112
3693051410,14
3693051414,139
3693051415,104
3693051416,49
3693051419,55
3693051419,112
3693051421,53
3693051422,27
3693051422,25
3693051422,47
3693051427,92
3693051428,8
3693051429,31
3693051430,92
3693051432,100
3693051432,131
3693051434,104
3693051440,14
3693051441,96
3693051447,44
3693051451,104
3693051454,96
3693051455,53
3693051455,55
3693051455,112
3693051456,48
3693051457,14
3693051459,55
3693051462,96
3693051466,44
3693051469,36
3693051469,126
3693051472,53
3693051473,96
3693051475,96
3693051479,54
3693051482,104
3693051486,104
3693051487,4
3693051488,15
3693051488,12
3693051488,17
3693051492,96
3693051496,104
3693051505,91
3693051505,18
3693051505,27
3693051506,91
3693051506,18
3693051506,27
3693051510,14
3693051516,100
3693051516,14
3693051516,139
3693051520,4
3693051523,69
3693051528,100
3693051530,92
3693051530,75
3693051547,96
3693051547,4
3693051550,137
3693051558,31
3693051559,96
3693051562,84
3693051564,4
3693051565,124
3693051571,130
3693051572,96
3693051572,8
3693051572,119
3693051574,80
3693051580,57
3693051581,91
3693051584,47
3693051587,104
3693051589,104
3693051593,25
3693051595,100
3693051595,139
3693051595,88
3693051596,42
3693051597,52
3693051615,96
3693051616,43
3693051616,46
3693051617,11
3693051619,118
3693051621,68
3693051622,43
3693051638,57
3693051644,25
3693051644,124
3693051645,70
3693051648,98
3693051648,42
3693051648,14
3693051651,31
3693051654,34
3693051654,23
3693051654,142
3693051655,96
3693051656,43
3693051656,46
3693051656,106
3693051658,55
3693051664,1810
3693051671,8
3693051671,5
3693051671,118
3693051677,96
3693051682,96
3693051685,57
3693051688,96
3693051689,27
3693051691,104
3693051699,3216
3693051721,48
3693051722,86
3693051723,104
3693051725,80
3693051726,14
3693051732,130
3693051734,41
3693051734,43
3693051734,45
3693051735,104
3693051737,96
3693051739,96
3693051740,80
3693051740,25
3693051740,34
3693051742,96
3693051743,92
3693051757,116
3693051763,25
3693051764,104
3693051764,7
3693051767,25
3693051768,41
3693051774,92
3693051780,31
3693051781,32
3693051783,139
3693051793,143
3693051799,53
3693051803,121
3693051804,42
3693051821,14
3693051822,17
3693051826,49
3693051826,51
3693051826,48
3693051828,31
3693051829,96
3693051841,55
3693051845,11
3693051846,86
3693051853,31
3693051855,43
3693051855,47
3693051855,106
3693051912,17
3693051913,31
3693051914,106
3693051915,4
3693051916,15
3693051917,88
3693051919,96
3693051922,48
3693051933,27
3693051939,14
3693051946,43
3693051947,41
3693051948,14
3693051950,11
3693051951,67
3693051951,69
3693051955,14
3693051980,96
3693051987,14
3693051992,96
3693051993,53
3693052011,23
3693052011,63
3693052021,44
3693052034,84
3693052035,137
3693052040,53
3693052043,23
3693052045,100
3693052045,110
3693052063,91
3693052063,18
3693052063,27
3693052066,86
3693052067,91
3693052067,18
3693052067,27
3693052068,29
3693052073,96
3693052077,25
3693052081,104
3693052102,96
3693052109,96
3693052116,49
3693052122,96
3693052123,47
3693052126,43
3693052128,44
3693052131,104
3693052132,80
3693052136,96
3693052139,43
3693052139,46
3693052142,27
3693052145,6
3693052145,4
3693052147,96
3693052148,1
3693052149,91
3693052150,1
3693052152,34
3693052153,104
3693052153,12
3693052155,44
3693052156,68
3693052162,68
3693052169,96
3693052175,104
3693052185,48
3693052190,43
3693052190,46
3693052211,96
3693052212,17
3693052217,6
3693052217,4
3693052226,44
3693052226,32
3693052226,27
3693052241,30
3693052243,104
3693052244,55
3693052245,96
3693052251,96
3693052251,4
3693052251,43
3693052252,96
3693052253,104
3693052253,9
3693052262,104
3693052267,15
3693052267,23
3693052267,12
3693052268,14
3693052275,6
3693052277,96
3693052277,59
3693052292,96
3693052293,44
3693052295,25
3693052301,43
1053342128,91
3693052302,17
3693052303,11
3693052308,104
3693052309,27
3693052313,96
3693052314,68
3693052315,14
3693052332,121
3693052333,121
3693052334,121
3693052335,121
3693052336,121
3693052344,20
3693052348,53
3693052352,14
3693052354,96
3693052361,42
3693052362,14
3693052364,31
3693052367,86
3693052369,86
3693052370,86
3693052371,86
3693052373,86
3693052375,147
3693052375,17
3693052412,14
3693052420,14
3693052429,88
3693052430,4
3693052433,25
3693052455,112
3693052457,19
3693052462,104
3693052469,104
3693052472,96
3693052478,12
3693052484,96
3693052505,104
3693052508,47
3693052508,43
3693052509,14
3693052511,96
3693052517,104
3693052517,41
3693052517,43
3693052529,96
3693052540,42
3693052551,42
3693052552,96
3693052554,104
3693053002,96
3693053003,104
3693053006,96
3693053007,96
3693053008,90
3693053008,91
3693053008,75
3693053009,70
3693053016,96
3693053017,31
3693053019,14
3693053019,17
3693053019,15
3693053020,15
3693053021,44
3693053026,44
3693053032,49
3693053033,32
3693053035,17
3693053035,15
3693053035,12
3693053038,92
3693053039,96
3693053040,104
3693053047,104
3693053055,91
3693053055,18
3693053055,27
3693053061,25
3693053065,96
3693053067,4
3693053070,104
3693053071,88
3693053071,69
3693053071,67
3693053072,123
3693053073,100
3693053077,104
3693053108,91
3693053108,18
3693053108,27
3693053109,19
3693053125,47
3693053128,14
3693053132,43
3693053137,96
3693053139,104
3693053141,104
3693053142,1
3693053145,25
3693053147,96
3693053148,12
3693053148,15
3693053151,1
3693053152,47
3693053156,43
3693053156,46
3693053159,1
3693053161,1
3693053161,52
3693053161,95
3693053163,11
3693053164,1
3693053164,52
3693053164,71
3693053166,4
3693053167,53
3693053170,43
3693053170,46
3693053173,6
3693053173,4
3693053176,96
3693053176,118
3693053176,4
3693053177,49
3693053178,4
3693053179,104
3693053200,1810
3693053203,6
3693053203,4
3693053209,104
3693053209,15
3693053209,12
3693053211,14
3693053214,104
3693053215,104
3693053216,104
3693053217,12
3693053217,15
3693053221,14
3693053225,96
3693053226,48
3693053226,47
3693053226,104
3693053228,12
3693053249,48
3693053251,104
3693053256,4
3693053259,39
3693053263,6
3693053268,43
3693053278,27
3693053287,104
3693053296,31
3693053305,43
3693053306,3
3693053310,116
3693053311,104
3693053312,47
3693053313,25
3693053314,25
3693053315,25
3693053317,9
3693053317,10
3693053323,96
3693053326,14
3693053328,14
3693053329,14
3693053331,92
3693053331,96
3693053335,25
3693053335,55
3693053339,51
3693053348,96
3693053353,121
3693053355,32
3693053357,121
3693053365,57
3693053368,31
3693053377,69
3693053377,68
3693053377,67
3693053380,96
3693053381,96
3693053385,80
3693053385,27
3693053387,86
3693053388,13
3693053395,32
3693053395,34
3693053395,31
3693053398,96
3693053398,8
3693053398,36
3693053402,96
3693053423,6
3693053447,17
3693053448,17
3693053449,30
3693053452,88
3693053453,96
3693053454,104
3693053456,100
3693053459,104
3693053474,112
3693053481,104
3693053487,51
3693053489,96
3693053501,80
3693053531,8
3693053541,138
3693053544,27
3693054000,14
3693054001,80
3693054005,96
3693054007,54
3693054011,43
3693054011,46
3693054018,1
3693054018,52
3693054018,71
3693054025,96
3693054028,1
3693054029,1
3693054030,1
3693054030,52
3693054030,112
3693054031,42
3693054033,52
3693054033,112
3693054033,94
3693054035,96
3693054035,104
3693054037,104
3693054039,147
3693054039,112
3693054045,73
3693054050,49
3693054051,133
3693054051,25
3693054056,43
3693054061,104
3693054071,116
3693054080,6
3693054080,4
3693054081,14
3693054083,143
3693054085,47
3693054085,100
3693054085,69
3693054087,96
3693054088,4
3693054088,14
3693054088,96
3693054093,27
3693054094,96
3693054103,124
3693054103,25
3693054103,133
3693054106,104
3693054114,137
3693054138,68
3693054138,96
3693054141,92
3693054151,96
3693054152,3242
3693054153,43
3693054155,80
3693054156,90
3693054157,43
3693054157,94
3693054157,15
3693054168,104
3693054170,17
3693054170,25
3693054173,147
3693054173,96
3693054174,96
3693054176,112
3693054180,52
3693054182,96
3693054184,96
3693054185,14
3693054189,53
3693054189,112
3693054191,137
3693054197,25
3693054198,30
3693054199,92
3693054208,44
3693054216,143
3693054219,32
3693054221,96
3693054228,121
3693054229,121
3693054230,121
3693054231,57
3693054233,88
3693054245,86
3693054247,104
3693054251,106
3693054251,46
3693054251,43
3693054253,96
3693054254,96
3693054255,96
3693054263,86
3693054264,96
3693054265,14
3693054267,104
3693054269,6
3693054272,118
3693054272,96
3693054272,116
3693054277,80
1657978824,38
3693054223,63
3693054306,28
3693054311,51
3693054340,96
3693054341,57
3693054341,54
3693054342,17
3693054344,112
3693054345,88
3693054346,96
3693054348,17
3693054349,92
3693054351,124
3693054355,147
3693054367,43
3693054367,47
3693054367,106
3693054377,6
3693054377,80
3693054377,113
3693054378,14
3693054380,49
3693054380,50
3693054380,128
3693054384,96
3693054385,14
3693054385,13
3693054405,96
3693054417,41
3693054420,32
3693054426,27
3693054429,96
3693054429,57
3693054431,31
3693054431,48
3693054431,44
3693054437,104
3693054439,4
3693054439,118
3693054439,1
3693054441,7
3693054441,57
3693055001,135
3693055001,147
3693055001,55
3693055015,1
3693055015,52
3693055015,71
3693055017,1
3693055018,1
3693055020,96
3693055022,23
3693055023,87
3693055024,68
3693055026,6
3693055026,4
3693055027,75
3693055027,92
3693055028,14
3693055028,2081
3693055028,2040
3693055030,124
3693055034,49
3693055036,6
3693055036,4
3693055040,68
3693055041,96
3693055042,104
3693055044,6
3693055044,4
3693055046,14
3693055048,96
3693055053,47
3693055053,100
3693055069,104
3693055071,104
3693055076,36
3693055076,113
3693055076,126
3693055078,6
3693055078,4
3693055080,14
3693055085,6
3693055085,4
3693055086,34
3693055091,104
3693055092,23
3693055097,59
3693055108,100
3693055108,37
3693055108,16
3693055109,104
3693055110,54
3693055110,135
3680971274,19
3693055112,96
3693055121,100
3693055143,104
3693055147,17
3693055147,25
3693055148,44
3693055157,11
3693055168,96
3693055169,47
3693055170,104
3693055171,25
3693055172,42
3693055173,25
3693055173,138
3693055173,127
3693055179,94
3693055179,30
3693055179,92
3693055182,96
3693055199,96
3693055208,32
3693055212,14
3693055217,14
3693055218,32
3693055219,121
3693055220,121
3693055224,53
3693055226,14
3693055227,17
3693055242,32
3693055243,32
3693055249,31
3693055252,86
3693055255,96
3693055256,14
3693055257,96
3693055259,96
3693055260,96
3693055261,135
3693055261,78
3693055261,141
3693055265,86
3693055267,4
3693055270,48
3693055270,49
3693055270,44
3693055273,86
3693055333,17
3693055337,99
3693055339,118
3693055340,104
3693055354,28
3693055361,27
3693055363,48
3693055363,135
3693055365,69
3693055365,67
3693055365,68
3693055367,96
3693055371,8
3693055371,119
3693055372,104
3693055373,104
3693055374,4
3693055374,6
3693055374,96
3693055393,4
3693055393,6
3693055393,96
3693055421,96
3693055428,44
3693055429,96
3693055445,144
3693055448,17
3693056003,10
3693056019,59
3693056028,69
3693056028,67
3693056028,68
3693056048,109
3693056054,80
3693056056,4
3693056056,96
3693056056,6
3693056058,96
3693056059,96
3693056062,104
3693056073,25
3693056074,104
3693056075,96
3693056081,80
3693056081,27
3693056081,47
3693056082,12
3693056084,144
3693056085,25
3693056089,68
3693056091,96
3693056092,104
3693056094,92
3693056094,4
3693056096,59
3693056101,96
3693056111,32
3693056112,31
3693056114,43
3693056116,31
3693056118,121
3693056132,96
3693056133,116
3693056139,100
3693056145,75
3693056145,92
3693056146,32
3693056150,86
3693056152,86
3693056153,86
3693056154,86
3693056161,42
3693056170,86
3693056171,86
3693056172,86
3693056230,96
3693056233,4
3693056234,92
3693056234,48
3693056234,128
3693056235,17
3693056236,14
3693056239,32
3693056239,34
3693056239,31
3693056242,43
3693056244,104
3693056245,126
3693056245,146
3693056245,15
3693056246,19
3693056252,122
3693056269,14
3693056275,4
3693056275,53
3693056279,96
3693056280,11
3693056301,104
3693056308,100
3693056317,15
3693056317,12
3693056317,17
3693056327,4
3693056332,27
3693056333,80
3693056334,44
3693056342,4
3693056352,27
3693056751,109
3693057004,92
3693057004,122
3693057004,148
3693057017,43
3693057020,96
3693057029,11
3693057032,94
3693057033,14
3693057035,116
3693057036,25
3693057037,25
3693057038,92
3693057039,96
3693057041,96
3693057043,15
3693057045,23
3693057047,96
3693057058,104
3693057059,94
3693057060,121
3693057061,121
3693057062,121
3693057063,121
3693057065,121
3693057069,14
3693057072,124
3693057072,25
133114754,92
3693057078,42
3693057080,32
3693057083,104
3693057085,122
3693057087,32
3693057088,137
3693057089,8
3693057090,32
3693057091,86
3693057092,86
3693057094,42
3693057097,32
3693057098,96
3693057101,86
3693057102,14
3693057104,17
3693057106,86
3693057108,86
3693057114,14
3693057122,47
3693057129,96
3693057157,148
3693057157,6
3693057176,96
3693057177,17
3693057178,6
3693057179,43
3693057181,43
3693057188,104
3693057198,75
3693057198,121
3693057198,77
3693057203,4
3693057212,96
3693057222,4
3693057226,48
3693057226,128
3693057226,44
3693057251,96
3693057254,96
3693057254,43
3693057254,41
3693057264,19
3693057265,14
3693057267,57
3693057272,104
3693057275,28
3693057276,144
3693057278,13
3693057282,96
3693058000,92
3693058001,92
3693058002,92
3693058008,48
3693058008,59
3693058010,32
3693058022,135
3693058030,121
3693058035,51
3693058041,55
3693058041,112
3693058042,31
3693058043,96
3693058044,32
3693058048,96
3693058050,133
3693058054,86
3693058058,96
3693058063,86
3693058064,86
3693058066,27
3693058066,4
3693058066,53
3693058067,53
3693058067,96
3693058073,128
3693058073,44
3693058074,86
3693058079,48
3693058144,88
3693058144,139
3693058144,100
3693058147,17
3693058149,104
3693058155,67
3693058157,14
3693058159,96
3693058159,59
3693058159,4
3693058178,104
3693058186,27
3693058209,14
3693058211,96
3693058211,8
3693058220,94
3693058225,104
3693058239,53
3693058239,112
3693058242,104
3693058243,9
3693058250,104
3693058251,43
3693058252,96
3693058261,43
3693058263,27
3693058744,104
3693059000,75
3693059002,59
3693059003,41
3693059003,43
3693059003,45
3693059006,75
3693059006,148
3693059008,96
3693060369,53
3693060422,96
3693060500,96
3693060577,25
3693060810,135
3693060831,92
3693060835,43
3693060836,43
3693060837,6
3693060839,43
3693060851,139
3693060870,14
3693060870,100
3693060870,70
3693060881,57
3693060889,14
3693060912,3202
3693060913,3202
3693060915,96
3693060930,15
3693060931,15
3693060963,23
3693060965,8
3693060966,54
3693060966,56
3693060966,57
3693060969,23
3693060980,104
3693060986,112
3693060991,48
3693060992,53
3693060993,4
3693060993,99
3693060993,96
3693060995,96
3693060996,96
3693061589,112
3693061745,59
3693061768,92
3693061770,43
3693061771,43
3693061773,43
3693061777,106
3693061827,14
3693061827,100
3693061827,70
3693061845,3202
3693061859,15
3693061862,15
3693061873,14
3693061901,14
3693061904,96
3693061906,14
3693061930,43
3693061932,75
3693061940,53
3693061941,53
3693061942,53
3693061944,96
3693061945,96
3693061947,42
3693061948,42
3693061949,117
3693061955,124
3693061955,68
3693061955,14
3693061958,124
3693061958,13
3693061958,14
3693061960,124
3693061960,68
3693061960,14
3693061962,27
3693061969,96
3693061971,19
3693061998,109
3693061999,104
3693062038,104
3693062422,43
3693062422,27
3693062469,19
3693062565,104
3693062676,75
3693062772,92
3693062773,92
3693062774,92
3693062776,92
3693062778,43
3693062779,43
3693062853,3202
3693062864,14
3693062864,100
3693062864,70
3693062867,124
3693062867,14
3693062867,42
3693062870,14
3693062883,14
3693062888,15
3693062898,14
3693062904,54
3693062904,117
3693062906,56
3693062915,4
3693062922,124
3693062922,13
3693062922,14
3693062923,124
3693062923,13
3693062923,14
3693062924,51
3693062931,75
3693062935,27
3693062936,88
3693062938,53
3693062939,42
3693062940,4
3693062940,99
3693062940,96
3693062946,124
3693062946,68
3693062946,14
3693062947,124
3693062947,68
3693062947,14
3693062950,48
3693062962,55
3693062969,8
3693062998,43
3693062998,42
3693062999,43
3693062999,42
3693063273,100
3693063680,7
3693063728,92
3693063730,92
3693063731,92
3693063735,43
3693063736,24
3693063736,96
3693063737,24
3693063737,96
3693063738,92
3693063739,6
3693063742,43
3693063743,43
3693063744,43
3693063745,43
3693063807,14
3693063807,100
3693063807,70
2517244756,25
3693063821,14
3693063821,100
3693063821,70
3693063860,14
3693063861,14
3693063862,14
3693063864,14
3693063865,14
3693063867,54
3693063867,117
3693063868,54
3693063868,117
3693063872,23
3693063874,23
3693063875,96
3693063880,78
3693063883,124
3693063883,13
3693063883,14
3693063894,14
3693063901,96
3693063904,42
3693063906,14
3693063908,42
3693063911,117
3693063914,124
3693063914,68
3693063914,14
3693063915,124
3693063915,68
3693063915,14
3693063916,124
3693063916,68
3693063916,14
3693063917,52
3693063917,1
3693063919,48
3693063924,96
3693063924,75
3693063924,148
3693063925,10
3693063926,27
3693063928,27
3693063929,96
3693063935,121
3693063963,59
3693063963,51
3693063963,135
3693063973,43
3693063973,42
3693063975,92
3693063975,86
3693063975,144
3693063985,42
3693063985,14
3693063985,96
3693063988,6
3693063989,53
3693063989,135
3693063990,28
3693063990,92
3693063990,53
3693063991,14
3693063993,9
3693063994,14
3693063995,14
3693063996,55
3693064131,31
3693064131,142
3693064131,32
3693064493,7
3693064497,121
3693064502,37
3693064539,100
3693064545,92
3693064546,24
3693064546,96
3693064548,6
3693064550,92
3693064585,14
3693064585,100
3693064585,70
3693064588,100
3693064594,14
3693064594,100
3693064594,70
3693064632,57
3693064633,3202
3693064636,14
3693064636,100
3693064636,70
3693064642,15
3693064674,14
3693064675,14
3693064677,14
3693064685,23
3693064702,25
3693064702,27
3693064703,4
3693064703,99
3693064703,96
3693064704,25
3693064704,27
3693064707,48
3693064708,53
3693064709,53
3693064715,124
3693064715,13
3693064715,14
3693064716,104
3693064722,34
3693064722,32
3693064723,96
3693064726,146
3693064763,96
3693064764,34
3693064772,27
3693064774,124
3693064774,13
3693064774,14
3693064778,124
3693064778,13
3693064778,14
3693064779,124
3693064779,13
3693064779,14
3693064783,19
3693064788,121
3693064797,48
3693064798,55
3693064798,48
3693064800,27
3693064803,96
3693064806,68
3693064812,30
3693064816,41
3693064817,69
3693064817,132
3693064819,9
3693064820,69
3693064820,132
3693064821,69
3693064821,132
3693064822,69
3693064822,132
3693064823,96
3693064825,28
3693064825,32
3693064825,31
3693064828,104
3693064832,4
3693064832,96
3693064833,96
3693064835,12
3693064841,104
3693064842,28
3693064864,113
3693064864,6
3693064864,28
3693064870,1285
3693064872,99
3693064872,31
3693064872,26
3693064873,53
3693064874,1285
3693064875,15
3693064876,1285
3693064879,1285
3693064886,1285
3693064889,96
3693064891,1285
3693064892,1285
3693064895,1285
3693064902,1285
3693064906,1285
3693064907,1285
3693064908,1285
3693064911,1285
3693064915,1285
3693064916,1285
3693064918,1285
3693064922,1285
3693064923,1285
3693064924,1285
3693064927,1285
3693064934,62
3693064935,96
3693064936,96
3693064944,104
3693064944,124
3693064951,69
3693064972,104
3693064975,106
3693064978,42
3693064979,68
3693064988,96
3693064988,3
3693064995,14
3693064996,14
3693065506,4
3693065525,92
3693065526,92
3693065530,24
3693065530,96
3693065531,92
3693065532,92
3693065533,92
3693065534,43
3693065536,6
3693065540,43
3693065544,48
3693065594,57
3693065613,3202
3693065641,124
3693065641,14
3693065641,42
3693065650,56
3693065673,14
3693065682,75
3693065685,78
3693065687,68
3693065689,23
3693065691,124
3693065691,13
3693065691,14
3693065693,4
3693065696,41
3693065696,43
3693065705,88
3693065706,88
3693065708,53
3693065709,42
3693065710,42
3693065711,96
3693065714,42
3693065718,57
3693065721,117
3693065723,124
3693065723,68
3693065723,14
3693065731,80
3693065732,19
3693065737,27
3693065757,96
3693065764,96
3693065766,124
3693065766,13
3693065766,14
3693065769,34
3693065769,32
3693065772,57
3693065773,43
3693065773,42
3693065774,43
3693065774,42
3693065775,11
3693065776,27
3693065781,96
3693065781,34
3693065781,27
3693065782,124
3693065782,13
3693065782,14
3693065792,96
3693065800,4
3693065809,96
3693065811,69
3693065811,132
3693065815,49
3693065815,135
3693065816,14
3693065817,69
3693065817,132
3693065820,69
3693065820,132
3693065821,44
3693065823,69
3693065823,132
3693065824,75
3693065824,77
3693065824,14
3693065828,69
3693065828,132
3693065836,34
3693065836,32
3693065840,68
3693065841,9
3693065841,10
3693065842,96
3693065848,60
3693065853,104
3693065866,104
3693065867,104
3693065868,104
3693065869,43
3693065874,104
3693065878,49
3693065878,24
3693065878,112
3693065880,112
3693065889,62
3693065894,1285
3693065898,1285
3693065899,1285
3693065900,1285
3693065901,34
3693065903,1285
3693065905,99
3693065905,31
3693065905,26
3693065910,1285
3693065914,1285
3693065915,1285
3693065916,1285
3693065919,34
3693065924,1285
3693065925,34
3693065926,1285
3693065928,1285
3693065929,1285
3693065931,1285
3693065932,1285
3693065935,12
3693065935,7
3693065943,104
3693065943,100
3693065963,57
3693065966,11
3693065972,28
3693065973,96
3693065978,96
3693065985,41
3693065985,129
3693065985,43
3693065986,17
3693065987,43
3693065994,14
3693066408,80
3693066422,7
3693066440,59
3693066441,59
3693066442,59
3693066458,92
3693066459,92
3693066465,43
3693066466,43
3693066469,43
3693066472,43
3693066495,53
3693066540,14
3693066540,100
3693066540,70
3693066566,14
3693066566,100
3693066566,70
3693066573,124
3693066573,14
3693066573,42
3693066604,104
3693066612,47
3693066614,78
3693066618,124
3693066618,13
3693066618,14
3693066619,124
3693066619,13
3693066619,14
3693066620,104
3693066621,14
3693066623,124
3693066623,13
3693066623,14
3693066624,42
3693066633,104
3693066634,53
3693066635,53
3693066637,53
3693066639,96
3693066643,124
3693066643,68
3693066643,14
3693066644,124
3693066644,68
3693066644,14
3693066647,44
3693066649,96
3693066651,53
3693066662,41
3693066674,96
3693066676,43
3693066677,28
3693066678,96
3693066681,104
3693066682,14
3693066686,43
3693066686,42
3693066687,43
3693066687,42
3693066688,43
3693066688,42
3693066690,43
3693066690,42
3693066694,124
3693066694,13
3693066694,14
3693066696,124
3693066696,13
3693066696,14
3693066708,27
3693066710,14
3693066712,14
3693066722,69
3693066722,132
3693066724,69
3693066724,132
3693066725,69
3693066729,25
3693066729,27
3693066729,117
3693066730,96
3693066735,69
3693066735,132
3693066737,96
3693066741,69
3693066741,132
3693066742,41
3693066743,69
3693066743,132
3693066745,96
3693066747,96
3693066754,56
3693066754,57
3693066754,135
3693066755,104
3693066757,104
3693066758,104
3693066759,104
3693066763,104
3693066764,14
3693066766,7
3693066766,8
3693066766,119
3693066785,34
3693066786,112
3693066789,62
3693066792,62
3693066818,34
3693066819,1285
3693066820,1285
3693066848,23
3693066848,34
3693066848,112
3693066860,15
3693066881,40
3693066882,41
3693066882,43
3693066891,17
3693066898,14
3693066899,14
3557380225,68
3693066903,47
3693066905,14
3693066908,112
3693066908,4
3693066908,6
3693066909,96
3693066912,36
3693066920,17
3693066925,25
3693066927,96
3693066928,104
3693066940,4
3693066941,15
3693066941,12
3693066957,76
3693066958,14
3693066967,69
3693066978,46
3693066978,43
3693066979,75
3693066984,48
3693066989,96
3693066996,17
3693067108,44
3693067218,14
3693067257,135
3693067266,59
3693067267,59
3693067279,6
3693067282,92
3693067283,43
3693067287,43
3693067288,43
3693067298,96
3693067330,57
3693067340,3202
3693067375,15
3693067376,14
3693067376,100
3693067376,70
3693067378,15
3693067383,124
3693067383,14
3693067383,42
3693067403,14
3693067408,51
3693067421,96
3693067433,78
3693067434,78
3693067435,124
3693067435,13
3693067435,14
3693067436,124
3693067436,13
3693067436,14
3693067443,48
3693067446,43
3693067456,42
3693067457,53
3693067458,53
3693067460,53
3693067462,96
3693067469,42
3693067473,117
3693067478,124
3693067478,13
3693067478,14
3693067481,124
3693067481,68
3693067481,14
3693067496,96
3693067516,69
3693067516,4
3693067522,96
3693067531,124
3693067531,13
3693067531,14
3693067532,124
3693067532,13
3693067532,14
3693067535,96
3693067540,96
3693067545,104
3693067546,14
3693067547,14
3693067548,14
3693067549,96
3693067550,33
3693067551,138
3693067553,9
3693067556,9
3693067559,69
3693067559,132
3693067567,69
3693067567,132
3693067570,69
3693067570,132
3693067572,8
3693067572,48
3693067574,8
3693067582,12
3693067583,104
3693067587,96
3693067602,104
3693067604,104
3693067605,104
3693067606,104
3693067611,43
3693067626,112
3693067627,144
3693067630,96
3693067631,104
3693067633,62
3693067634,96
3693067662,34
3693067693,104
3693067694,112
3693067694,1
3693067699,43
3693067708,88
3693067725,11
3626156340,28
3693067727,57
3693067739,17
3693067740,17
3693067741,17
3693067742,17
3693067743,17
3693067744,53
3693067752,1
3693067752,52
3693067752,71
3693067754,1
3693067754,52
3693067754,71
3693067756,36
3693067757,36
3693067759,135
3693067759,55
3693067759,23
3693067760,84
3693067761,96
3693067766,4
3693067766,122
3693067766,8
3693067770,104
3693067775,96
3693067778,25
3693067778,117
3693067778,27
3693067782,104
3693067787,41
3693067788,41
3693067809,131
3693067813,104
3693067819,19
3693067855,12
3693067856,14
3693067873,27
3693067875,4
3693067875,96
3693067875,6
3693067878,4
3693067878,96
3693067878,6
3693067880,86
3693067881,4
3693067881,96
3693067881,6
3693067882,112
3693067884,34
3693067884,31
3693067884,32
3693067891,4
3693067891,96
3693067891,6
3693067894,4
3693067894,96
3693067894,6
3693067896,4
3693067896,96
3693067896,6
3693067898,4
3693067898,96
3693067898,6
3693067900,4
3693067900,96
3693067900,6
3693067903,4
3693067903,96
3693067903,6
3693067905,4
3693067905,96
3693067905,6
3693067910,4
3693067910,96
3693067910,6
3693067916,4
3693067916,96
3693067916,6
3693067922,43
3693067923,27
3693067926,10
3693067929,47
3693067929,43
3693067929,44
3693067933,55
3693067939,44
3693067989,104
3693067991,96
3693067999,14
3693068005,53
3693068006,124
3693068006,13
3693068006,14
3693068007,124
3693068007,68
3693068007,14
3693068011,53
3693068015,27
3693068018,104
3693068024,27
3693068035,19
3693068043,121
3693068044,91
3693068044,27
3693068044,6
3693068047,27
3693068054,124
3693068054,13
3693068054,14
3693068058,8
3693068061,75
3693068064,27
3693068066,57
3693068069,9
3693068070,140
3693068070,99
3693068077,68
3693068078,68
3693068083,80
3693068084,27
3693068084,19
3693068085,69
3693068085,132
3693068087,9
3693068088,69
3693068088,132
3693068092,69
3693068092,132
3693068096,8
3693068097,69
3693068097,132
3693068100,69
3693068100,132
3693068110,124
3693068113,96
3693068117,56
3693068117,57
3693068117,135
3693068118,4
3693068122,104
3693068123,104
3693068124,14
3693068143,104
3693068150,84
3693068152,62
3693068154,62
3693068155,62
3693068185,34
3693068186,34
3693068222,15
3693068226,3
3693068226,24
3693068230,139
3693068255,104
3693068259,48
3693068262,28
3693068264,28
3693068267,68
3693068272,29
3693068274,147
3693068274,96
3693068277,27
3693068278,41
3693068278,129
3693068278,43
3693068280,17
3693068281,17
3693068289,27
3693068290,14
3693068291,14
3693068292,14
3693068294,80
3693068296,75
3693068296,29
3693068296,80
3693068298,14
3693068307,132
3693068317,96
3693068320,24
3693068324,96
3693068324,126
3693068326,41
3693068328,41
3693068331,41
3693068332,96
3693068366,14
3693068376,96
3693068380,141
3693068380,74
3693068380,79
3693068391,34
3693068393,12
3693068415,4
3693068415,43
3693068415,6
3693068421,34
3693068422,92
3693068427,4
3693068427,96
3693068427,6
3693068429,12
3693068431,4
3693068431,96
3693068431,6
3693068434,9
3693068434,10
3693068437,28
3693068443,55
3693068444,4
3693068444,96
3693068444,6
3693068447,89
3693068453,4
3693068453,96
3693068453,6
3693068454,4
3693068454,96
3693068454,6
3693068456,4
3693068456,96
3693068456,6
3693068458,4
3693068458,96
3693068458,6
3693068467,4
3693068467,96
3693068467,6
3693068469,4
3693068469,96
3693068469,6
3693068470,4
3693068470,96
3693068470,6
3693068479,21
3693068495,47
3693068495,43
3693068498,96
3693068539,115
3693068553,52
3693068564,54
3693068581,135
3693068581,12
3693068581,15
3693068599,96
3693068604,4
3693068615,4
3693068617,48
3693068646,54
3693068653,67
3693068675,96
3693068683,1
3693068692,47
3693068699,96
3693068708,96
3693068713,133
3693068713,19
3693068713,27
3693068724,25
3693068735,86
3693068753,104
3693068757,23
3693068763,19
3693068764,12
3693068771,135
3693068784,42
3693068794,31
3693068798,53
3693068799,53
3693068802,100
3693068805,100
3693068806,100
3693068811,100
3693068817,135
3693068822,100
3693068829,47
3693068836,44
3693068836,122
3693068844,6
3693068917,14
3693068918,96
3693068926,47
3693068928,8
3693068934,43
3693068946,14
3693068947,48
3693068947,51
3693068950,47
3693068958,104
3693068959,96
3693068962,105
3693068966,104
3693068972,126
3693068978,128
3693068984,100
3693069005,69
3693069005,137
3693069005,100
3693069006,10
3693069006,148
3693069006,9
3693069008,48
3693069010,124
3693069010,13
3693069010,14
3693069011,124
3693069011,13
3693069011,14
3693069012,124
3693069012,13
3693069012,14
3693069014,43
3693069015,53
3693069015,135
3693069022,104
3693069023,14
3693069024,137
3693069024,4
3693069027,80
3693069042,69
3693069042,132
3693069048,69
3693069048,132
3693069050,69
3693069050,132
3693069051,69
3693069051,132
3693069052,12
3693069053,104
3693069053,124
3693069057,69
3693069057,132
3693069060,43
3693069061,1481
3693069063,7
3693069065,17
3693069067,44
3693069068,96
3693069071,15
3693069077,48
3693069080,104
3693069081,9
3693069083,43
3693069085,104
3693069115,96
3693069115,52
3693069115,1
3693069134,100
3693069157,34
3693069178,96
3657070723,16
3693069179,104
3693069183,57
3693069187,57
3693069192,96
3693069196,133
3693069199,80
3693069209,57
3693069210,104
3693069215,20
3693069215,19
3693069216,28
3693069217,28
3693069218,28
3693069225,96
3693069226,31
3693069229,17
3693069233,17
3693069237,53
3693069241,47
3693069241,91
3693069241,86
3693069254,36
3693069256,36
3693069257,36
3693069261,28
3693069261,113
3693069261,70
3693069263,4
3693069263,122
3693069263,8
3693069265,50
3693069269,96
3693069269,30
3693069270,80
3693069274,75
3693069278,100
3693069281,41
3693069290,15
3693069291,41
3693069292,41
3693069309,104
3693069310,96
3693069313,41
3693069313,43
3693069313,45
3693069314,19
3693069329,44
3693069333,14
3693069342,88
3684017664,96
3693069343,4
3693069343,43
3693069343,6
3693069345,98
3693069345,36
3693069345,8
3693069354,96
3693069366,112
3693069371,96
3693069378,27
3693069379,27
3693069384,4
3693069384,96
3693069384,6
3693069386,4
3693069386,96
3693069386,6
3693069400,124
3693069404,116
3693069417,42
3693069417,14
3693069418,96
3693069418,27
3693069419,11
3693069435,100
3693069449,104
3693069460,52
3693069465,86
3693069482,61
3693069482,54
3693069484,104
3693069528,4
3693069528,43
3693069538,110
3693069551,135
3693069558,10
3693069561,4
3693069561,27
3693069561,34
3693069563,139
3693069585,8
3693069586,43
3693069586,10
3693069587,34
3693069587,116
3693069587,138
3693069593,106
3693069595,48
3693069597,96
3693069599,4
3693069600,11
3693069600,43
3693069601,42
3693069601,9
3693069601,10
3693069613,57
3693069613,144
3693069613,56
3693069614,96
3693069618,43
3693069618,42
3693069624,14
3693069638,80
3693069638,41
3693069638,43
3693069639,104
3693069640,104
3693069655,104
3693069660,6
3693069665,96
3693069667,9
3693069679,34
3693069679,23
3693069687,14
3693069700,96
3693069707,43
3693069710,86
3693069718,5
3693069718,96
3693069718,84
3693069795,96
3693069823,15
3693069825,27
3693069826,28
3693069836,42
3693069840,143
3693069842,14
3693069850,68
3693069852,137
3693069852,15
3693069857,14
3693069870,14
3693069875,96
3693069882,4
3693069882,47
3693069893,68
3693069899,147
3693069902,96
3693070002,11
3693070008,121
3693070013,27
3693070017,14
3693070021,53
3693070028,69
3693070028,132
3693070032,96
3693070032,86
3693070033,104
3693070035,47
3693070037,69
3693070037,132
3693070038,69
3693070038,132
3693070049,96
3693070049,57
3693070049,4
3693070056,69
3693070063,42
3693070065,133
3693070073,104
3693070074,104
3693070079,14
3693070081,112
3693070103,104
3693070107,112
3693070115,41
3693070115,43
3693070122,12
3693070132,34
3693070141,14
3693070141,96
3693070141,124
3693070159,34
3693070175,44
3693070186,14
3693070188,104
3693070192,80
3693070205,28
3693070210,4
3693070213,57
3693070221,43
3693070221,46
3693070221,106
3693070225,96
3693070227,96
3693070230,84
3693070233,27
3693070237,11
3693070244,14
3693070249,36
3693070252,36
3693070255,109
3693070256,96
3693070257,27
3693070258,25
3693070258,27
3693070258,117
3693070261,49
3693070261,116
3693070271,96
3693070276,56
3693070278,41
3693070283,41
3693070290,9
3693070290,47
3693070291,27
3693070305,14
3693070306,4
3693070330,68
3693070339,4
3693070339,96
3693070339,6
3693070342,4
3693070342,96
3693070342,6
3693070347,4
3693070347,96
3693070347,6
3693070348,27
3693070352,4
3693070352,96
3693070352,6
3693070355,4
3693070357,4
3693070357,96
3693070357,6
3693070360,4
3693070360,96
3693070360,6
3693070362,4
3693070362,96
3693070362,6
3693070370,4
3693070370,96
3693070370,6
3693070372,4
3693070372,96
3693070372,6
3693070373,4
3693070373,96
3693070373,6
3693070374,4
3693070374,96
3693070374,6
3693070376,9
3693070378,4
3693070378,96
3693070378,6
3693070379,4
3693070379,96
3693070379,6
3693070382,122
3693070384,48
3693070384,128
3693070384,50
3693070390,27
3693070391,96
3693070393,127
3693070393,109
3693070393,96
3693070395,96
3693070396,6
3693070400,23
3693070409,92
3693070411,104
3693070415,4
3693070428,132
3693070432,27
3693070433,96
3693070434,43
3693070434,53
3693070448,43
3693070460,8
3693070460,75
3693070481,96
3693070489,43
3693070492,14
3693070541,96
3693070554,14
3693070554,17
3693070555,112
3693070555,1
3693070561,6
3693070577,118
3693070579,9
3693070580,43
3693070590,47
3693070596,96
3693070616,43
3693070625,44
3693070626,96
3693070646,28
3693070646,29
3693070651,96
3693070666,104
3693070673,104
3693070674,6
3693070680,68
3693070683,104
3693070685,43
3693070690,24
3693070700,25
3693070713,12
3693070722,100
3693070723,104
3693070816,86
3693070832,100
3693070833,4
3693070835,104
3693070836,80
3693070837,9
3693070841,96
3693070841,4
3693070841,80
3693070848,28
3693070848,43
3693070848,96
3693070851,14
3693070853,59
3693070865,104
3693070867,104
3693070871,106
3693070884,14
3693070902,14
3693070903,12
3693070903,70
3693070907,18
3693070907,25
3693071000,4
3693071001,96
3693071004,69
3693071004,132
3693071007,69
3693071007,132
3693071010,80
3693071010,84
3693071014,69
3693071014,132
3693071017,12
3693071017,15
3693071018,69
3693071018,132
3693071021,69
3693071021,132
3693071025,41
3693071029,69
3693071029,132
3693071030,15
3693071030,12
3693071033,23
3693071033,70
3693071033,124
3693071034,68
3693071035,14
3693071037,69
3693071043,139
3693071046,96
3693071051,56
3693071051,57
3693071051,135
3693071052,104
3693071054,104
3693071056,104
3693071058,104
3693071059,104
3693071060,104
3693071062,104
3693071085,112
3693071089,80
3693071089,100
3693071089,98
3693071097,99
3693071097,31
3693071097,26
3693071112,99
3693071112,31
3693071112,26
3693071132,1
3693071132,70
3693071132,52
3693071145,12
3693071153,14
3693071156,96
3693071157,43
3693071158,25
3693071164,52
3693071184,27
3693071185,80
3693071186,96
3693071189,28
3693071199,17
3693071201,17
3693071204,14
3693071205,80
3693071211,47
3693071214,96
3693071215,96
3693071216,96
3693071218,1
3693071218,52
3693071218,71
3693071219,1
3693071219,52
3693071219,71
3693071220,36
3693071221,36
3693071222,36
3693071227,4
3693071227,122
3693071227,8
3693071229,100
3693071229,88
3693071234,43
3693071238,41
3693071239,91
3693071239,59
3693071241,96
3693071245,14
3693071267,104
3693071268,48
3693071270,12
3693071274,19
3693071279,48
3693071288,14
3693071289,14
3693071291,14
3693071295,104
3693071308,12
3693071308,15
3693071321,4
3693071321,96
3693071321,6
3693071322,8
3693071324,4
3693071324,96
3693071324,6
3693071327,4
3693071327,96
3693071327,6
3693071332,14
3693071336,4
3693071336,96
3693071336,6
3693071343,4
3693071343,96
3693071343,6
3693071346,4
3693071346,96
3693071346,6
3693071372,34
3693071377,92
3693071378,96
3693071386,104
3693071392,17
3693071412,28
3693071413,96
3693071417,14
3693071420,26
3693071430,34
3693071438,15
3693071440,14
3693071441,100
3693071461,94
3693071461,112
3693071466,96
3693071511,4
3693071513,4
3693071526,25
3693071541,42
3693071558,96
3693071560,14
3693071561,124
3693071561,50
3693071561,99
3693071562,59
3693071562,57
3693071569,18
3693071574,4
3693071579,78
3693071581,14
3693071582,34
3693071592,112
3693071592,94
3693071593,96
3693071601,14
3693071601,43
3693071601,91
3693071602,11
3693071626,14
3693071627,104
3693071629,12
3693071637,68
3693071638,104
3693071639,62
3693071639,56
3693071639,92
3693071640,47
3693071646,53
3693071649,135
3693071651,6
3693071651,34
3693071651,27
3693071670,68
3693071672,47
3693071676,14
3693071708,96
3693071737,96
3693071769,100
3693071771,34
3693071772,31
3693071772,30
3693071772,34
3693071781,107
3693071803,50
3693071803,48
3693071803,46
3693071809,12
3693071810,139
3693071837,48
3693071837,51
3693072003,14
3693072005,14
3693072008,91
3693072012,112
3693072012,55
3693072013,96
3693072015,14
3693072016,104
3693072020,4
3693072020,122
3693072020,8
3693072025,96
3693072033,69
3693072034,14
3693072034,96
3693072034,42
3693072038,31
3693072038,43
3693072045,88
3693072064,69
3693072068,104
3693072068,14
3693072070,104
3693072099,14
3693072101,14
3693072114,17
3693072117,104
3693072138,47
3693072138,43
3693072139,7
3693072146,4
3693072146,96
3693072146,6
3693072148,4
3693072148,96
3693072148,6
3693072150,4
3693072150,96
3693072150,6
3693072155,4
3693072155,96
3693072155,6
3693072159,55
3693072165,4
3693072165,96
3693072165,6
3693072167,137
3693072168,92
3693072170,48
3693072178,9
3693072184,25
3693072184,135
3693072184,6
3693072213,144
3693072214,91
3693072215,96
3693072233,41
3693072237,17
3693072243,34
3693072257,17
3693072261,135
3693072261,112
3693072262,32
3693072262,34
3693072266,135
3693072266,147
3693072266,99
3693072267,52
3693072268,14
3693072272,104
3693072285,9
3693072289,14
3693072294,100
3693072309,80
3693072309,27
3693072312,80
3693072314,124
3693072340,31
3693072345,84
3693072361,55
3693072362,49
3693072362,48
3693072362,92
3693072364,96
3693072364,108
3693072364,84
3693072365,128
3693072365,44
3693072366,96
3693072381,100
3693072382,96
3693072411,99
3693072419,32
3693072421,104
3693072440,100
3693072448,96
3693072448,135
3693072451,48
3693072451,51
3693072455,9
3693072522,96
3693072541,53
3693072543,3
3693072543,4
3693072543,96
3693072547,96
3693072579,80
3693072583,17
3693072591,44
3693072596,43
3693072607,104
3693072622,132
3693072626,104
3693073000,14
3693073004,36
3693073007,96
3693073010,124
3693073013,144
3693073013,57
3693073013,4
3693073017,96
3693073018,104
3693073021,59
3693073023,14
3693073024,96
3693073035,41
3693073045,14
3693073071,141
3693073071,74
3693073071,79
3693073081,104
3693073087,4
3693073087,43
3693073087,6
3693073088,15
3693073088,12
3693073088,17
3693073098,104
3693073110,48
3693073112,96
3693073112,41
3693073113,4
3693073113,96
3693073113,6
3693073115,4
3693073115,96
3693073115,6
3693073119,96
3693073119,4
3693073119,6
3693073120,4
3693073120,96
3693073120,6
3693073122,34
3693073126,4
3693073126,96
3693073126,6
3693073132,4
3693073132,96
3693073132,6
3693073135,4
3693073135,96
3693073135,6
3693073137,48
3693073138,104
3693073150,137
3693073151,48
3693073157,23
3693073158,23
3693073165,86
3693073165,51
3693073165,57
3693073192,44
3693073193,14
3693073193,17
3693073234,26
3693073234,25
3693073286,106
3693073301,43
3693073307,144
3693073307,25
3693073307,53
3693073310,96
3693073310,43
3693073310,4
3693073315,11
3693073329,17
3693073330,44
3693073331,27
3693073331,113
3693073331,109
3693073332,48
3693073341,48
3693073341,25
3693073367,14
3693073383,19
3693073383,20
3693073383,27
3693073386,96
3693073393,104
3693073414,41
3693073414,43
3693073419,124
3693073422,7
3693073422,3
3693073422,4
3693073425,104
3693073432,104
3693073439,100
3693073444,28
3693073448,139
3693073450,138
3693073452,47
3693073453,4
3693073453,91
3693073453,43
3693073454,137
3693073456,47
3693073458,135
3693073469,118
3693073487,28
3693073561,14
3693073585,9
3693073585,10
3693073585,120
3693073589,104
3693073590,90
3693073612,47
3693073613,44
3693073616,96
3693073619,100
3693073626,19
3693073627,104
3693073631,15
3693073635,137
3693073636,80
3693073642,14
3693073642,42
3693073642,96
3693073644,23
3693074003,48
3693074006,27
3693074008,4
3693074008,96
3693074008,6
3693074012,139
3693074015,4
3693074015,96
3693074015,6
3693074020,4
3693074020,96
3693074020,6
3693074021,4
3693074021,96
3693074021,6
3693074026,4
3693074026,96
3693074026,6
3693074031,4
3693074031,96
3693074031,6
3693074032,4
3693074032,96
3693074032,6
3693074034,4
3693074034,96
3693074034,6
3693074035,4
3693074035,96
3693074035,6
3693074045,96
3693074046,14
3693074049,27
3693074050,67
3693074052,118
3693074059,23
3693074115,104
3693074117,69
3693074120,14
3693074143,96
3693074144,27
3693074159,48
3693074159,49
3693074159,51
3693074174,96
3693074184,14
3693074184,96
3693074204,4
3693074219,96
3693074224,14
3693074227,104
3693074228,41
3693074255,23
3693074255,34
3693074255,25
3693074256,41
3693074256,4
3693074259,59
3693074259,112
3693074259,135
3693074264,124
3693074264,50
3693074264,48
3693074270,44
3693074271,96
3693074271,108
3693074271,84
3693074274,6
3693074278,14
3693074291,14
3693074295,5
3693074298,44
3693074317,28
3693074324,104
3693074332,14
3693074335,70
3693074345,14
3693074354,55
3693074365,104
3693074382,104
3693074419,12
3693074432,68
3693074442,96
3693074444,43
3693074454,100
3693074454,90
3693074456,96
3693074468,9
3693074480,96
3693074485,104
3693074488,34
3693074508,10
3693074545,17
3693075016,9
3693075025,27
3693075025,25
3693075035,147
3693075035,135
3693075040,135
3693075040,12
3693075040,15
3693075047,104
3693075073,44
3693075084,96
3693075097,14
3693075099,53
3693075107,96
3693075112,104
3693075140,137
3693075152,24
3693075152,25
3693075152,96
3693075166,44
3693075169,96
3693075169,108
3693075169,84
3693075179,7
3693075185,68
3693075190,10
3693075190,73
3693075190,75
3693075206,71
3693075206,1
3693075210,50
3693075211,106
3693075227,53
3693075229,104
3693075230,104
3693075236,23
3693075236,112
3693075246,15
3693075246,12
3693075246,23
3693075249,28
3693075252,33
3693075261,96
3693075261,49
3693075261,112
3693075267,96
3693075270,104
3693075273,44
3693075273,122
3693075281,59
3693075281,57
3693075281,96
3693075284,96
3693075284,148
3693075284,98
3693075290,17
3693075323,104
3693075357,98
3693075379,32
3693075382,133
3693075382,49
3693075382,48
3693075383,50
3693075396,145
3693075396,112
3693075402,30
3693075404,43
3693075405,27
3693075408,19
3693075425,96
3693075444,9
3693075447,3238
3693075449,41
3693075449,43
3693075453,112
3693075453,62
3693075453,54
3693075460,104
3693075463,104
3693075474,147
3693075474,112
3693075481,23
3693075483,4
3693075487,31
3693075487,32
3693075487,104
3693076005,96
3693076005,52
3693573636,80
3693576985,96
3693576985,137
3693576985,75
3693577846,96
3693579523,104
3693579942,45
3693580156,100
3693580642,19
3693580643,19
3693580704,25
3693580716,53
3693580717,50
3693580722,33
3693580731,27
3693580732,27
3693580734,27
3693580735,27
3693580737,27
3693580738,27
3693580739,27
3693580740,27
3693580745,75
3693580746,75
3693580747,54
3693580759,12
3693580759,14
3693580759,17
3693580770,22
3693580770,27
3693580770,34
3693580775,51
3693580778,24
3693580778,112
3693580778,96
3693580780,96
3693580793,14
3693580799,27
3693580801,14
3693580807,43
3693580811,3190
3693580819,94
3693580819,31
3693580819,30
3693580834,75
3693580843,116
3693580844,68
3693580850,104
3693580851,104
3693580852,104
3693580860,27
3693580867,27
3693580892,54
3693580892,135
3693580892,70
3693580909,87
3693580911,87
3693580912,87
3693580918,87
3693580919,87
3693580923,34
3693580926,1481
3693580946,26
3693580952,33
3693580972,47
3693580972,43
3693580972,11
3693580975,47
3693580975,43
3693580975,11
3693580976,59
3693580984,104
3693580984,14
3693580985,49
3693580991,80
3693580996,110
3693580996,31
3693580996,30
3693580998,104
3693581398,75
3693580910,87
3693581555,19
3693581614,53
3693581615,53
3693581616,53
3693581623,27
3693581624,43
3693581627,27
3693581628,27
3693581630,12
3693581633,75
3693581634,54
3693581635,75
3693581640,17
3693581640,14
3693581641,12
3693581641,14
3693581641,17
3693581644,75
3693581659,96
3693581680,43
3693581681,14
3693581683,9
3693581685,14
3693581687,43
3693581704,14
3693581708,75
3693581711,55
3693581726,116
3693581728,14
3693581729,116
3693581730,68
3693581732,14
3693581742,27
3693581751,43
3693581751,42
3693581751,46
3693581782,7
3693581796,27
3693581797,87
3693581798,27
3693581799,139
3693581803,27
3693581804,27
3693581808,48
3693581809,104
3693581847,14
3693581852,47
3693581852,43
3693581852,11
3693581854,49
3693581855,57
3693581861,49
3693581866,49
3693581869,104
3693581871,104
3693581879,57
3693581884,41
3693581884,43
3693581884,44
3693581892,53
3693581897,42
3693581903,13
3693581924,27
3693581926,41
3693581926,43
3693581927,96
3693581936,19
3693581940,135
3693581943,96
3419060873,4
3693581944,51
3693581946,41
3693581947,80
3693581950,104
3693581951,4
3693581951,91
3693581951,28
3693581952,96
3693581952,135
3693581953,10
3693581954,92
3693581956,92
3693581957,47
3693581959,14
3693581968,25
3693581968,27
3693581968,20
3693581985,25
3693581985,27
3693581985,20
3693581986,25
3693581986,27
3693581986,20
3693581987,50
3693581987,48
3693581987,51
3693581988,146
3693581995,6
3693581998,4
3693582641,4
3693582645,27
3693582646,27
3693582649,27
3693582650,27
3693582651,27
3693582655,75
3693582657,112
3693582662,75
3693582667,104
3693582677,12
3693582677,14
3693582677,17
3693582685,22
3693582685,27
3693582685,34
3693582691,24
3693582691,112
3693582691,96
3693582696,19
3693582696,25
3693582696,27
3693582703,14
3693582704,14
3693582705,14
3693582706,14
3693582707,14
3693582709,14
3693582717,96
3693582733,75
3693582734,75
3693582737,14
3693582749,116
3693582754,14
3693582772,43
3693582772,42
3693582772,46
3693582784,27
3693582825,87
3693582826,87
3693582827,87
3693582828,87
3693582833,48
3693582835,44
3693582839,87
3693582849,4
3693582882,59
3693582883,17
3693582884,47
3693582884,43
3693582884,11
3693582896,27
3693582916,48
3693582922,47
3693582923,139
3693582931,96
3693582938,125
3693582943,25
3693582948,4
3693582948,91
3693582948,28
3693582950,47
3693582956,12
3693582956,15
3693582956,70
3693582966,63
3693582968,135
3693582980,14
3693582980,15
3693582985,25
3693582985,27
3693582985,20
3693582986,80
3693582987,80
3693582998,14
3693583403,59
3693583506,53
3693583513,118
3693583517,27
3693583521,28
3693583521,36
3693583522,28
3693583522,36
3693583523,28
3693583523,36
3693583531,17
3693583531,14
3693583534,24
3693583534,10
3693583534,128
3693583538,12
3693583538,15
3693583538,70
3693583548,22
3693583548,27
3693583548,34
3693583576,27
3693583606,43
3693583614,14
3693583624,14
3693583632,27
3693583633,27
3693583647,27
3693583655,54
3693583655,135
3693583655,70
3693583656,54
3693583656,135
3693583656,70
3693583686,87
3693583691,4
3693583692,48
3693583693,27
3693583694,116
3693583695,116
3693583699,116
3693583706,133
3693583730,47
3693583730,43
3693583730,11
3693583732,47
3693583732,43
3693583732,11
3693583733,47
3693583733,43
3693583733,11
3693583735,47
3693583735,43
3693583735,11
3693583737,57
3693583739,112
3693583742,47
3693583742,43
3693583742,11
3693583745,25
3693583770,15
3693583771,57
3693583782,96
3693583786,110
3693583786,28
3693583786,40
3693583790,25
3693583801,92
3693583802,92
3693583811,92
3693583824,42
3693583829,50
3693583831,27
3693583832,70
3693583835,96
3693583836,104
3693583839,25
3693583839,27
3693583839,20
3693583842,96
3693583847,92
3693583853,14
3693583871,96
3693583872,84
3693583872,44
3693583872,96
3693583893,100
3693583893,139
3693583896,43
3693583898,51
3693583914,43
3693583914,11
3693583919,8
3693583923,86
3693583943,9
3693583948,3
3693583948,4
3693583948,96
3693583950,142
3693583953,4
3693583963,57
3693583972,17
3693583972,24
3693583972,4
3693583975,3202
3693583980,96
3693583981,3202
3693583982,70
3693583982,100
3693583982,98
3693583986,3202
3693583988,3202
3693583989,27
3693583990,9
3693584360,19
3693584429,53
3693584435,96
3693584438,53
3693584445,27
3693584448,27
3693584449,27
3693584451,27
3693584452,27
3693584453,12
3693584455,28
3693584455,36
3693584462,75
3693584470,12
3693584470,14
3693584470,17
3693584472,12
3693584472,14
3693584472,17
3693584474,75
3693584481,18
3693584481,25
3693584490,22
3693584490,27
3693584490,34
3693584492,48
3693584492,43
3693584492,44
3693584493,48
3693584493,43
3693584493,44
3693584505,22
3693584505,27
3693584505,34
3693584511,104
3693584513,43
3693584514,14
3693584517,14
3693584538,10
3693584541,116
3693584542,68
3693584551,27
3693584568,96
3693584579,27
3693584592,27
3693584608,87
3693584609,87
3693584610,87
3693584614,48
3693584617,14
3693584621,87
3693584624,3219
3693584625,19
3693584628,25
3693584628,34
3693584628,27
3693584634,14
3693584648,27
3693584662,96
3693584673,32
3693584674,47
3693584674,43
3693584674,11
3693584676,47
3693584676,43
3693584676,11
3693584677,57
3693584682,14
3693584686,27
3693584688,96
3693584692,104
3693584693,104
3693584695,104
3693584696,43
3693584696,42
3693584696,46
3693584701,104
3693584706,104
3693584707,20
3693584708,14
3693584712,96
3693584721,96
3693584726,17
3693584729,9
3693584736,96
3693584746,11
3693584746,41
3693584746,43
3693584749,104
3693584750,104
3693584752,48
3693584754,146
3693584754,87
3693584758,25
3693584758,135
3693584762,47
3693584769,8
3693584771,25
3693584771,27
3693584771,20
3693584773,25
3693584773,27
3693584773,20
3693584775,25
3693584775,27
3693584775,20
3693584776,96
3693584777,25
3693584777,27
3693584777,20
3693584783,104
3693584786,41
3693584793,25
3693584793,27
3693584793,20
3693584794,25
3693584794,27
3693584794,20
3693584795,25
3693584795,27
3693584795,20
3693584798,96
3693584802,51
3693584825,43
3693584836,43
3693584836,6
3693584839,3
3693584839,4
3693584839,96
3693584840,110
3693584842,96
3693584846,42
3693584851,3237
3693584867,86
3693584868,9
3693584874,4
3693584874,11
3693584874,96
3693584884,132
3693584894,43
3693584895,96
3693584897,96
3693584901,96
3693584902,47
3693584903,4
3693584904,14
3693584906,43
3693584913,104
3693584918,30
3693584923,6
3693584928,96
3693584935,96
3693584936,124
3693584936,91
3693584938,104
3693584939,3202
3693584956,14
3693584971,44
3693584986,27
3693584991,34
3693585393,53
3693585403,4
3693585405,43
3693585411,27
3693585412,118
3693585414,27
3693585415,27
3693585416,27
3693585417,27
3693585426,75
3693585428,75
3693585436,12
3693585436,14
3693585436,17
3693585439,22
3693585439,27
3693585439,34
3693585440,22
3693585440,27
3693585440,34
3693585441,22
3693585441,27
3693585441,34
3693585455,19
3693585455,25
3693585455,27
3693585456,19
3693585456,25
3693585456,27
3693585473,43
3693585505,116
3693585511,27
3693585515,48
3693585524,27
3693585525,27
3693585536,27
3693585546,27
3693585578,27
3693585582,27
3693585585,87
3693585586,87
3693585587,92
3693585587,87
3693585588,87
3693585593,116
3693585596,17
3693585602,43
3693585609,27
3693585611,42
3693585623,144
3693585623,132
3693585623,110
3693585628,47
3693585628,43
3693585628,11
3693585629,47
3693585629,43
3693585629,11
3693585630,47
3693585630,43
3693585630,11
3693585641,104
3693585646,49
3693585649,52
3693585649,135
3693585655,147
3693585655,116
3693585655,135
3693585660,14
3693585668,96
3693585671,139
3693585674,25
3693585680,96
3693585683,47
3693585688,92
3693585694,57
3693585702,92
3693585710,48
3693585714,42
3693585716,104
3693585724,96
3693585727,25
3693585727,27
3693585727,20
3693585731,57
3693585737,14
3693585737,42
3693585744,92
3693585745,47
3693585747,96
3693585752,9
3693585760,9
3693585775,135
3693585785,14
3693585788,14
3693585788,70
3693585788,12
3693585791,43
3693585793,1
3693585793,112
3693585801,82
3693585811,68
3693585811,138
3693585811,116
3693585813,86
3693585827,100
3693585834,146
3693585840,104
3693585842,48
3693585846,43
3693585847,43
3693585848,43
3693585849,43
3693585851,43
3693585851,44
3693585853,30
3693585855,4
3693585859,146
3693585862,56
3693585862,144
3693585864,6
3693585868,147
3693585868,53
3693585868,112
3693585869,3202
3693585871,3202
3693585872,14
3693585874,3202
3693585875,3202
3693585877,104
3693585903,55
3693585918,17
3693585921,96
3693585927,104
3693585936,96
3693585936,104
3693585936,4
3693585940,3
3693585941,3
3693585942,3
3693585946,3
3693585947,3
3693585954,80
3693585961,56
3693585972,43
3693586371,53
3693586385,27
3693586386,27
3693586388,27
3693586391,27
3693586402,54
3693586403,54
3693586411,17
3693586411,14
3693586412,12
3693586412,14
3693586412,17
3693586415,42
3693586420,22
3693586420,27
3693586420,34
3693586423,51
3693586428,24
3693586428,112
3693586428,96
3693586434,19
3693586434,25
3693586434,27
3693586458,75
3693586463,75
3693586464,75
3693586469,43
3693586475,8
3693586481,68
3693586482,68
3693586488,104
3693586490,14
3693586511,6
3693586511,4
3693586511,96
3693586512,27
3693586544,41
3693586554,51
3693586556,87
3693586557,87
3693586558,87
3693586562,87
3693586563,48
3693586564,27
3693586565,87
3693586566,139
3693586570,1481
3693586581,57
3693586589,3
3693586589,4
3693586591,14
3693586595,27
3693586602,47
3693586602,43
3693586602,11
3693586603,47
3693586603,43
3693586603,11
3693586604,59
3693586605,47
3693586605,43
3693586605,11
3693586606,47
3693586606,43
3693586606,11
3693586607,96
3693586618,104
3693586619,104
3693586623,104
3693586625,104
3693586627,104
3693586630,104
3693586633,14
3693586634,14
3693586635,49
3693586643,96
3693586645,96
3693586649,41
3693586656,25
3693586657,25
3693586659,25
3693586686,92
3693586687,104
3693586693,92
3693586694,14
3693586696,104
3693586702,25
3693586702,27
3693586702,20
3693586703,25
3693586703,27
3693586703,20
3693586705,25
3693586705,27
3693586705,20
3693586706,25
3693586706,27
3693586706,20
3693586709,96
3693586712,96
3693586723,146
3693586748,70
3693586750,100
3693586750,139
3693586755,3241
3693586757,14
3693586763,3241
3693586771,100
3693586773,14
3693586778,41
3693586781,86
3693586783,3189
3693586785,96
3693586792,100
3693586796,75
3693586801,139
3693586811,92
3693586812,1
3693586812,96
3693586816,19
3693586816,27
3693586818,146
3693586823,51
3693586824,19
3693586830,43
3693586834,4
3693586837,17
3693586843,57
3693586854,3202
3693586855,3202
3693586867,31
3693586869,51
3693586873,56
3693586874,68
3693586876,112
3693586876,53
3693586882,13
3693586883,144
3693586898,143
3693586911,96
3693586918,3
3693586919,3
3693586920,3
3693586923,139
3693586926,3
3693586927,3
3693586931,41
3693586931,43
3693586931,44
3693586943,84
3693586952,46
3693586952,43
3693586952,68
3693586956,47
3693586957,17
3693586957,24
3693586957,4
3693586963,56
3693586976,8
3693586977,8
3693586979,8
3693586980,104
3693586984,8
3693586985,8
3693586986,8
3693586987,8
3693586988,8
3693586989,8
3693586992,8
3693586997,96
3693586998,8
3693586999,8
3693587032,43
3693587073,25
3693587086,43
3693587087,14
3693587087,15
3693587087,17
3693587090,27
3693587092,27
3693587094,27
3693587095,27
3693587102,75
3693587110,18
3693587117,12
3693587117,15
3693587117,70
3693587120,22
3693587120,27
3693587120,34
3693587123,48
3693587123,43
3693587123,44
3693587126,51
3693587130,24
3693587130,112
3693587130,96
3693587136,14
3693587152,80
3693587155,14
3693587158,8
3693587159,14
3693587168,116
3693587180,14
3693587183,27
3693587190,43
3693587190,42
3693587190,46
3693587200,27
3693587210,54
3693587210,135
3693587210,70
3693587233,27
3693587242,87
3693587243,87
3693587247,87
3693587248,48
3693587249,48
3693587253,87
3693587258,14
3693587263,17
3693587289,14
3693587292,47
3693587292,43
3693587292,11
3693587298,47
3693587298,43
3693587298,11
3693587300,47
3693587300,43
3693587300,11
3693587304,49
3693587305,27
3693587308,14
3693587315,27
3693587316,14
3693587326,57
3693587334,96
3693587336,42
3693587337,96
3693587339,104
3693587340,34
3693587342,124
3693587342,14
3693587344,25
3693587347,25
3693587367,96
3693587368,96
3693587374,135
3693587377,135
3693587381,92
3693587383,8
3693587384,47
3693587384,118
3693587384,96
3693587387,4
3693587388,27
3693587390,96
3693587394,92
3693587396,15
3693587398,51
3693587407,96
3693587409,47
3693587410,4
3693587410,91
3693587410,28
3693587413,55
3693587414,6
3693587417,14
3693587419,50
3693587419,48
3693587419,51
3693587423,51
3693587433,25
3693587433,27
3693587433,20
3693587434,96
3693587440,3241
3693587445,96
3693587464,100
3693587464,139
3693587474,80
3693587475,14
3693587478,41
3693587478,43
3693587478,44
3693587479,124
3693587486,104
3693587491,43
3693587492,34
3693587492,145
3693587492,146
3693587500,139
3693587504,139
3693587509,146
3693587510,146
3693587512,75
3693587518,48
3693587518,51
3693587518,50
3693587519,51
3693587524,3
3693587524,4
3693587524,96
3693587537,94
3693587537,52
3693587537,43
3693587542,104
3693587546,41
3693587552,42
3693587555,104
3693587556,42
3693587557,96
3693587565,31
3693587566,67
3693587566,69
3693587567,25
3693587570,59
3693587585,133
3693587598,17
3693587598,112
3693587611,23
3693587614,3
3693587615,3
3693587616,3
3693587617,3
3693587618,3
3693587622,3
3693587623,3
3693587635,139
3693587635,124
3693587635,14
3693587645,57
3693587646,91
3693587650,41
3693587650,43
3693587650,44
3693587652,42
3693587653,19
3693587653,27
3693587653,143
3693587657,104
3693587670,8
3693587671,8
3693587676,9
3693587678,8
3693587679,8
3693587680,4
3693587685,8
3693587687,8
3693587689,8
3693587690,8
3693587692,8
3693587693,8
3693587694,8
3693587695,8
3693587696,8
3693587698,8
3693587701,27
3693587702,48
3693587703,68
3693587708,96
3693587711,18
3693587711,146
3693587711,143
3693587716,8
3693588005,11
3693588006,14
3693588008,14
3693588010,48
3693588018,96
3693588019,104
3693588021,13
3693588023,34
3693588023,23
3693588024,27
3693588024,25
3693588026,67
3693588028,104
3693588029,36
3693588032,53
3693588032,117
3693588032,25
3693588036,25
3693588037,25
3693588038,96
3693588041,80
3693588053,96
3693588061,104
3693588068,104
3693588070,42
3693588071,42
3693588075,91
3693588078,92
3693588079,41
3693588079,43
3693588079,44
3693588081,84
3693588081,91
3693588085,86
3693588086,96
3693588087,57
3693588088,47
3693588091,67
3693588091,132
3693588097,14
3693588101,96
3693588105,25
3693588105,27
3693588105,20
3693588107,15
3693588107,14
3693588118,96
3693588118,41
3693588118,43
3693588122,96
3693588125,41
3693588125,43
3693588125,44
3693588146,135
3693588153,14
3693588179,59
3693588180,59
3693588181,104
3693588181,19
3693588194,55
3693588195,104
3693588195,14
3693588197,124
3693588199,27
3693588203,13
3693588205,41
3693588205,43
3693588205,44
3693588213,4
3693588214,43
3693588220,4
3693588221,51
3693588241,3202
3693588242,80
3693588243,47
3693588244,3202
3693588249,9
3693588249,10
3693588249,11
3693588258,3202
3693588261,55
3693588262,104
3693588265,31
3693588265,34
3693588265,32
3693588273,74
3693588291,96
3693588293,137
3693588306,104
3693588311,34
3693588311,32
3693588311,31
3693588316,3
3693588317,3
3693588318,3
3693588321,12
3693588337,17
3693588341,75
3693588341,92
3693588341,121
3693588344,104
3693588366,11
3693588375,124
3693588375,14
3693588375,13
3693588378,8
3693588382,8
3693588383,8
3693588388,8
3693588389,8
3693588392,142
3693588392,133
3693588392,34
3693588397,86
3693588398,8
3693588403,8
3693588406,48
3693588407,19
3693588409,8
3693588412,8
3693588413,80
3693588416,8
3693588785,96
3693588955,41
3693588965,11
3693589005,96
3693589006,43
3693589008,25
3693589008,27
3693589008,20
3693589009,104
3693589013,1905
3693589021,112
3693589038,96
3693589047,100
3693589047,139
3693589051,43
3693589051,11
3693589053,53
3693589053,135
3693589053,147
3693589055,3241
3693589056,96
3693589067,14
3693589076,41
3693589076,43
3693589076,44
3693589079,3189
3693589083,25
3693589098,146
3693589109,143
3693589110,4
3693589111,3
3693589111,4
3693589111,96
3693589113,100
3693589118,18
3693589118,124
3693589122,96
3693589123,57
3693589124,96
3693589124,84
3693589125,48
3693589126,3202
3693589127,3202
3693589128,3202
3693589130,3202
3693589131,104
3693589132,31
3693589133,112
3693589141,3202
3693589150,139
3693589177,124
3693589201,3
3693589202,3
3693589212,49
3693589212,48
3693589221,69
3693589224,42
3693589226,96
3693589233,14
3693589268,8
3693589270,8
3693589271,8
3693589272,8
3693589273,8
3693589275,4
3693589276,11
3693589280,8
3693589283,34
3693589285,104
3693589286,8
3693589289,8
3693589293,8
3693589294,8
3693589295,8
3693589296,8
3693589299,8
3693589301,8
3693589302,8
3693589303,8
3693589304,8
3693589346,75
3693589653,96
3693590022,96
3693590022,14
3693590036,99
3693590050,59
3693590051,59
3693590054,86
3693590063,48
3693590072,117
3693590076,132
3693590080,27
3693590087,56
3693590091,4
3693590095,25
3693590095,91
3693590095,97
3693590096,4
3693590101,41
3693590101,43
3693590101,44
3693590107,49
3693590108,12
3693590108,70
3693590108,15
3693590112,3202
3693590113,3202
3693590117,9
3693590120,3202
3693590122,3202
3693590132,96
3693590137,14
3693590143,43
3693590143,41
3693590159,88
3693590159,14
3693590159,139
3693590175,96
3693590179,47
3693590181,3
3693590183,3
3693590184,3
3693590185,3
3693590186,3
3693590190,3
3693590191,3
3693590211,116
3693590216,139
3693590216,124
3693590216,14
3693590231,75
3693590232,104
3693590233,19
3693590234,113
3693590246,8
3693590252,8
3693590254,8
3693590257,8
3693590258,8
3693590259,8
3693590260,8
3693590261,96
3693590263,104
3693590267,4
3693590268,96
3693590269,8
3693590270,8
3693590283,17
3693590285,8
3693590286,8
3693590292,8
3693590798,4
3693591001,104
3693591006,112
3693591009,47
3693591030,137
3693591031,69
3693591052,96
3693591054,23
3693591054,25
3693591056,3
3693591062,3
3693591066,96
3693591069,43
3693591069,27
3693591075,97
3693591085,11
3693591096,52
3693591096,1
3693591101,4
3693591116,8
3693591125,42
3693591128,10
3693591130,8
3693591133,8
3693591137,43
3693591137,27
3693591138,8
3693591139,8
3693591146,44
3693591148,8
3693591149,8
3693591155,8
3693591156,8
3693591170,8
3693591177,8
3693591741,124
3693591814,139
3693592002,17
3693592002,24
3693592002,4
3693592006,3
3693592007,3
3693592008,3
3693592009,3
3693592013,34
3693592015,3
3693592016,3
3693592017,3
3693592018,3
3693592031,15
3693592037,104
3693592059,84
3693592061,139
3693592061,124
3693592061,14
3693592074,80
3693592078,8
3693592079,8
3693592080,8
3693592086,8
3693592087,8
3693592089,8
3693592090,8
3693592095,8
3693592096,8
3693592097,8
3693592098,8
3693592100,8
3693592103,104
3693592103,43
3693592103,11
3693592104,8
3693592108,104
3693592112,8
3693592113,8
3693592118,8
3693592119,8
3693592120,4
3693592120,80
3693592126,8
3693592186,96
3693592267,104
3693592437,124
3693592657,14
3693593002,8
3693593005,8
3693593006,8
3693593011,8
3693593015,8
3693593016,8
3693593017,8
3693593022,104
3693593024,8
3693593025,8
3693593027,43
3693593028,8
3693593029,8
3693593033,8
3693593034,8
3693593042,8
3693593613,14
3693593634,43
3693594001,129
3693594001,43
3693594001,41
3693594002,8
3693594003,124
3693594003,139
3693594003,14
3693594015,8
3693594018,8
3693594021,8
3693594529,51
3693594529,48
3693594529,50
3693594915,99
3693595233,80
3693595644,13
3693595738,96
3693595780,57
3693595813,4
3693595813,96
3693595813,6
3693595817,4
3693595817,96
3693595817,6
3693595831,4
3693595831,96
3693595831,6
3693595845,4
3693595845,96
3693595845,6
3693595847,4
3693595847,96
3693595847,6
3693595852,4
3693595852,96
3693595852,6
3693595871,23
3693595880,100
3693595882,86
3693595883,4
3693595911,43
3693595915,14
3693595918,68
3693595929,96
3693595934,34
3693595934,23
3693595934,32
3693595937,104
3693595942,139
3693595946,30
3693595948,104
3693595993,34
3693595994,48
3693596228,10
3693596233,96
3693596487,4
3693596487,96
3693596487,6
3693596501,99
3693596505,4
3693596505,96
3693596505,6
3693596506,4
3693596506,96
3693596506,6
3693596514,4
3693596514,96
3693596514,6
3693596522,27
3693596534,14
3693596548,100
3693596564,17
3693596585,14
3693596592,43
3693596592,4
3693596592,41
3693596597,4
3693596598,47
3693596607,4
3693596617,47
3693596617,96
3693596617,112
3693596630,59
3693596630,144
3693596630,86
3693596641,22
3693596641,137
3693596641,27
3693596642,100
3693596642,90
3693596642,47
3693596652,23
3693596666,43
3693596668,104
3693596707,31
3693596709,100
3693596710,57
3693596717,121
3693596721,15
3693596724,98
3693596735,43
3693596735,106
3693596736,69
3693596736,100
3693596736,79
3693596739,14
3693596741,48
3693596749,96
3693596751,86
3693596755,44
3693596755,43
3693596758,96
3693596788,59
3693596796,14
3693596797,14
3693596797,100
3693596815,89
3693596822,100
3693596827,48
3693596828,96
3693596831,12
3693596831,17
3693596831,11
3693596832,10
3693596867,31
3693596878,48
3693596885,96
3693596886,4
3693596890,53
3693596904,51
3693596906,86
3693596911,9
3693596913,124
3693596927,102
3693596972,100
3693597195,96
3693597209,88
3693597481,4
3693597481,96
3693597481,6
3693597482,4
3693597482,96
3693597482,6
3693597493,4
3693597493,96
3693597493,6
3693597495,4
3693597495,96
3693597495,6
3693597496,4
3693597496,96
3693597496,6
3693597505,4
3693597505,96
3693597505,6
3693597509,4
3693597509,96
3693597509,6
3693597523,14
3693597541,43
3693597586,49
3693597590,62
3693597590,96
3693597593,137
3693597599,9
3693597613,32
3693597642,67
3693597647,17
3693597660,69
3693597661,12
3693597661,17
3693597661,11
3693597663,143
3693597665,104
3693597668,48
3693597687,4
3693597687,6
3693597687,96
3693597697,90
3693597703,98
3693597703,70
3693597703,97
3693597724,43
3693597724,41
3693597725,5
3693597725,4
3693597725,96
3693597730,124
3693597736,56
3693597746,5
3693597746,4
3693597746,96
3693597749,43
3693597753,68
3693597760,47
3693597760,43
3693597760,11
3693597761,59
3693597763,100
3693597769,14
3693597797,104
3693597832,51
3693597848,27
3693597854,51
3693597860,96
3693597864,44
3693597868,96
3693597889,96
3693597898,27
3693597912,100
3693597913,17
3693597914,17
3693597915,27
3693597920,14
3693597929,19
3693597967,53
3693598164,69
3693598164,132
3693598293,43
3693598293,42
3693598293,46
3693598377,34
3693598412,48
3693598439,4
3693598439,96
3693598439,6
3693598442,4
3693598442,96
3693598442,6
3693598456,4
3693598456,96
3693598456,6
3693598457,4
3693598457,96
3693598457,6
3693598458,4
3693598458,96
3693598458,6
3693598459,4
3693598459,96
3693598459,6
3693598462,96
3693598488,43
3693598490,14
3693598514,92
3693598526,139
3693598550,68
3693598552,49
3693598553,26
3693598553,25
3693598553,27
3693598557,100
3693598557,90
3693598557,139
3693598559,104
3693598559,41
3693598569,44
3693598579,31
3693598587,44
3693598597,96
3693598613,100
3693598623,135
3693598628,11
3693598634,31
3693598666,86
3693598666,144
3693598675,10
3693598686,98
3693598686,80
3693598687,98
3693598687,80
3693598693,69
3693598697,83
3693598699,86
3693598706,91
3693598707,25
3693598707,20
3693598716,139
3693598717,4
3693598740,96
3693598749,68
3693598753,43
3693598753,46
3693598760,112
3693598766,104
3693598767,48
3693598779,82
3693598787,43
3693598787,41
3693598787,4
3693598802,96
3693598839,104
3693598840,118
3693598840,5
3693598847,31
3693598848,96
3693598861,15
3693598866,10
3693598880,25
3693598886,96
3693598905,4
3693598982,43
3693598982,45
3693599172,70
3693599239,12
3693599255,4
3693599255,96
3693599255,6
3693599256,4
3693599256,96
3693599256,6
3693599266,139
3693599268,4
3693599268,96
3693599268,6
3693599271,4
3693599271,96
3693599271,6
3693599275,4
3693599275,96
3693599275,6
3693599278,4
3693599278,96
3693599278,6
3693599282,4
3693599282,96
3693599282,6
3693599283,4
3693599283,96
3693599283,6
3693599285,4
3693599285,96
3693599285,6
3693599304,57
3693599304,144
3693599304,59
3693599369,14
3693599379,104
3693599391,11
3693599392,100
3693599392,90
3693599392,88
3693599396,36
3693599396,127
3693599396,28
3693599415,104
3693599417,4
3693599417,96
3693599417,138
3693599457,96
3693599457,5
3693599457,8
3693599464,47
3693599464,10
3693599469,31
3693599472,96
3693599499,31
3693599504,9
3693599512,4
3693599516,104
3693599520,12
3693599523,48
3693599526,104
3693599539,47
3693599539,43
3693599542,50
3693599548,12
3693599553,133
3693599557,37
3693599560,80
3693599565,48
3693599565,33
3693599589,4
3693599594,124
3693599604,75
3693599605,147
3693599609,75
3693599609,47
3693599611,42
3693599611,47
3693599621,19
3693599629,4
3693599669,104
3693599674,47
3693599674,43
3693599674,106
3693599675,110
3693599681,41
3693599683,91
3693599683,137
3693599683,104
3693599684,96
3693599684,24
3693599684,11
3693599685,40
3693599705,14
3693599803,27
3693599813,75
3693599819,31
3693599826,47
3693599836,27
3693599897,9
3693599910,143
3693599929,43
3693599929,129
3693599929,4
3693599933,96
3693599936,96
3693599939,44
3693599959,23
3693599967,68
3693599968,17
3693599980,4
3693599984,4
3693599984,96
3693599984,6
3693599989,67
3693599995,10
3694100111,104
3694100227,4
3694100227,96
3694100227,6
3694100229,4
3694100229,96
3694100229,6
3694100231,4
3694100231,96
3694100231,6
3694100233,4
3694100233,96
3694100233,6
3694100244,27
3694100264,4
3694100264,96
3694100264,6
3694100301,100
3694100317,14
3694100333,99
3694100335,104
3694100340,100
3694100341,11
3694100350,137
3694100354,59
3694100354,144
3694100354,86
3694100372,32
3694100381,78
3694100383,100
3694100383,139
3694100397,9
3694100398,105
3694100406,27
3694100408,4
3694100409,14
3694100409,104
3694100413,31
3694100414,1965
3694100421,75
3694100447,9
3694100448,16
3694100449,24
3694100449,25
3694100449,116
3694100468,34
3694100471,84
3694100476,98
3694100476,80
3694100477,91
3694100478,14
3694100489,19
3694100489,33
3694100490,96
3694100498,104
3694100499,14
3694100503,133
3694100515,24
3694100515,25
3694100515,116
3694100517,98
3694100517,127
3694100517,126
3694100541,14
3694100548,10
3694100548,9
3694100551,104
3694100553,27
3694100555,98
3694100565,24
3694100565,4
3694100573,4
3694100577,4
3694100584,106
3694100598,41
3694100598,4
3694100598,96
3694100609,96
3694100610,13
3694100630,12
3694100641,27
3694100643,56
3694100683,43
3694100758,122
3694100785,138
3694100785,84
3694100785,96
3694100786,14
3694100827,80
3694100841,9
3694100872,146
3694100875,30
3694100875,96
3694100876,96
3694100877,4
3694100884,52
3694100889,96
3694100895,145
3694100898,3
3694100898,24
3694100898,91
3694100901,68
3694100907,96
3694100908,48
3694100921,104
3694100928,9
3694100937,14
3694100943,96
3694100946,90
3694100946,101
3694100946,100
3694100952,39
3694100955,80
3694100958,124
3694100971,13
3694100972,4
3694100972,6
3694100975,124
3694100980,96
3694100991,11
3694100999,104
3694101039,27
3694101039,23
3694101184,4
3694101184,96
3694101184,6
3694101194,4
3694101194,96
3694101194,6
3694101195,4
3694101195,96
3694101195,6
3694101197,4
3694101197,96
3694101197,6
3694101238,4
3694101261,46
3694101263,110
3694101268,80
3694101274,56
3694101275,96
3694101278,43
3694101284,59
3694101284,144
3694101284,86
3694101291,4
3694101291,116
3694101291,27
3694101293,43
3694101293,41
3694101295,137
3694101295,14
3694101312,50
3694101327,137
3694101347,91
3694101347,96
3694101350,68
3694101357,96
3694101393,28
3694101395,112
3694101400,4
3694101404,98
3694101404,8
3694101404,123
3694101411,14
3694101413,70
3694101413,12
3694101415,98
3694101417,96
3694101420,98
3694101420,80
3694101428,68
3694101432,8
3694101435,104
3694101440,42
3694101441,14
3694101447,96
3694101479,96
3694101480,42
3694101491,96
3694101496,9
3694101501,31
3694101501,34
3694101501,126
3694101502,11
3694101503,124
3694101506,42
3694101510,110
3694101515,24
3694101515,25
3694101515,116
3694101517,47
3694101517,27
3694101517,138
3694101541,14
3694101541,68
3694101551,96
3694101552,68
3694101562,41
3694101566,43
3694101570,53
3694101574,15
3694101577,112
3694101577,7
3694101580,100
3694101581,100
3694101585,100
3694101587,100
3694101588,100
3694101590,80
3694101597,45
3694101597,106
3694101597,53
3694101599,142
3694101599,143
3694101599,25
3694101605,47
3694101605,137
3694101605,100
3694101614,47
3694101619,17
3694101624,104
3694101626,10
3694101626,9
3694101626,42
3694101689,14
3694101689,27
3694101692,47
3694101718,28
3694101787,100
3694101796,12
3694101798,1
3694101798,70
3694101798,52
3694101802,146
3694101816,44
3694101824,13
3694101826,10
3694101830,104
3694101830,27
3694101857,100
3694101865,28
3694101867,34
3694101867,23
3694101867,116
3694101871,90
3694101871,101
3694101871,100
3694101879,96
3694101880,96
3694101880,11
3694101883,104
3694101891,4
3694101891,6
3694101899,96
3694101906,4
3694101906,96
3694101918,147
3694101925,139
3694101927,106
3694101953,27
3694101958,106
3694101960,44
3694101964,122
3694101977,23
3694102165,4
3694102165,96
3694102165,6
3694102172,4
3694102172,96
3694102172,6
3694102183,4
3694102183,96
3694102183,6
3694102186,4
3694102186,96
3694102186,6
3694102194,4
3694102194,96
3694102194,6
3694102195,4
3694102195,96
3694102195,6
3694102197,4
3694102197,96
3694102197,6
3694102198,4
3694102198,96
3694102198,6
3694102200,4
3694102200,96
3694102200,6
3694102221,92
3694102229,34
3694102256,14
3694102273,14
3694102276,104
3694102286,116
3694102286,4
3694102286,6
3694102288,15
3694102292,96
3694102293,104
3694102296,106
3694102301,96
3694102314,48
3694102316,47
3694102317,104
3694102323,59
3694102323,144
3694102323,86
3694102325,31
3694102333,96
3694102348,104
3694102349,12
3694102349,17
3694102363,96
3694102364,122
3694102365,11
3694102392,34
3694102394,69
3694102400,96
3694102404,17
3694102410,1
3694102415,107
3694102421,98
3694102421,80
3694102422,98
3694102422,80
3694102426,31
3694102447,90
3694102456,46
3694102456,43
3694102456,106
3694102460,32
3694102460,34
3694102460,31
3694102462,96
3694102465,96
3694102470,104
3694102484,52
3694101504,13
3694102488,98
3694102490,50
3694102493,96
3694102503,4
3694102513,27
3694102522,96
3694102524,80
3694102527,42
3694102530,43
3694102543,104
3694102569,144
3694102570,84
3694102577,32
3694102578,4
3694102580,26
3694102582,44
3694102588,27
3694102593,27
3694102594,80
3694102600,57
3694102600,11
3694102600,59
3694102607,53
3694102611,27
3694102613,104
3694102615,100
3694102617,100
3694102621,100
3694102626,70
3694102626,12
3694102637,47
3694102637,44
3694102651,57
3694102745,4
3694102746,53
3694102785,28
3694102787,42
3694102792,47
3694102800,44
3694102814,100
3694102818,96
3694102822,15
3694102826,28
3694102830,57
3694102839,11
3694102843,47
3694102854,47
3694102876,5
3694102880,96
3694102883,48
3694102888,14
3694102891,132
3694102902,104
3694102908,32
3694102910,4
3694102910,6
3694102911,56
3694102918,11
3694102926,53
3694102932,139
3694102947,98
3694102966,122
3694102982,48
3694102993,47
3694103003,69
3694103019,96
3694103020,60
3694103021,96
3694103025,105
3694103027,14
3694103028,96
3694103031,68
3694103033,4
3694103038,98
3694103038,80
3694103047,96
3694103049,116
3694103049,134
3694103050,112
3694103054,112
3694103058,112
3694103061,75
3694103062,96
3694103087,104
3694103088,52
3694103098,96
3694103116,96
3694103127,47
3694103131,13
3694103132,75
3694103135,14
3694103149,100
3694103169,122
3694103172,51
3694103210,25
3694103210,27
3694103210,80
3694103219,137
3694103237,104
3694103240,53
3694103246,27
3694103293,51
3694103320,46
3694103320,106
3694103324,96
3694103324,6
3694103324,118
3694103327,47
3694103330,14
3694103379,112
3694103379,17
3694103379,52
3694103409,8
3694103413,49
3694103413,48
3694103420,9
3694103423,96
3694103424,129
3694103424,43
3694103424,4
3694103432,15
3694103452,98
3694103473,96
3694103482,50
3694103490,109
3694103498,15
3694103498,12
3694103512,100
3694103513,106
3694103514,28
3694103514,6
3694103514,98
3694103520,8
3694103551,53
3694103616,124
3694103698,4
3694103706,104
3694103706,31
3694103736,135
3694103736,112
3694103736,144
3694103741,44
3694103754,121
3694103767,43
3694103780,6
3694103780,96
3694103812,104
3694103821,111
3694104002,11
3694103740,100
3694104017,1
3694104017,70
3694104017,52
3694104018,19
3694104023,14
3694104087,47
3694104103,1
3694104103,70
3694104103,52
3694104106,12
3694104115,104
3694104119,19
3694104128,144
3694104138,4
3694104140,32
3694104155,75
3694104155,148
3694104168,68
3694104168,69
3694104168,132
3694104171,135
3694104171,55
3694104176,90
3694104176,101
3694104176,100
3694104178,129
3694104178,97
3694104178,43
3694104195,75
3694104197,13
3694104202,96
3694104202,84
3694104202,6
3694104210,11
3694104211,4
3694104212,44
3694104218,4
3694104220,6
3694104224,3
3694104224,24
3694104224,91
3694104227,26
3694104232,14
3694104235,55
3694104238,4
3694104249,12
3694104249,17
3694104336,27
3694104395,59
3694104429,68
3694104476,27
3694104494,104
3694104500,106
3694104501,43
3694104508,49
3694104512,96
3694104513,48
3694104516,93
3694104592,68
3694104592,96
3694104718,31
3694103989,124
3694104459,4
3694104601,27
3694105003,47
3694105099,51
3694105107,146
3694105108,80
3694105116,52
3694105118,96
3694105118,148
3694105118,98
3694105119,31
3694105120,41
3694105120,124
3694105120,14
3694105127,116
3694105132,50
3694105133,31
3694105143,28
3694105152,44
3694105160,23
3694105160,34
3694105162,76
3694105165,104
3694105166,11
3694105181,4
3694105207,17
3694105211,104
3694105215,52
3694105215,1
3694105219,10
3694105222,90
3694105222,101
3694105222,100
3694105227,69
3694105233,4
3694105233,53
3694105233,96
3694105234,96
3694105239,9
3694105250,106
3694105262,106
3694105271,96
3694105307,96
3694105313,57
3694105329,44
3694105342,96
3694105407,96
3694105420,23
3694105422,124
3694105424,80
3694105472,17
3694105472,15
3694105500,91
3694105510,44
3694105514,44
3694105517,48
3694105537,48
3694105618,59
3694106001,70
3694106041,47
3694106041,84
3694106041,96
3694106073,48
3694106081,96
3694106082,48
3694106086,15
3694106086,17
3694106087,27
3694106088,146
3694106095,10
3694106101,48
3694106101,99
3694106102,100
3694106102,90
3694106102,148
3694106110,100
3694106116,104
3694106121,100
3694106121,101
3694103847,91
3694103847,18
3694103847,27
3694105601,91
3694105601,18
3694105601,27
3694105784,96
3694106144,144
3694106144,112
3694106144,43
3694106148,5
3694106159,52
3694106159,1
3694106160,8
3694106165,42
3694106174,91
3694106177,143
3694106182,75
3694106205,106
3694106205,88
3694106210,49
3694106215,13
3694106217,80
3694106244,137
3694105506,3
3694105506,91
3694105506,96
3694106246,88
3694106247,14
3694106260,3
3694106331,4
3694106333,137
3694106333,104
3694106333,33
3694106339,124
3694106369,106
3694106418,69
3694106421,96
3694106443,12
3694106443,17
3694106443,15
3694106453,13
3694106458,54
3694106458,49
3694106458,48
3694106461,14
3694106465,80
3694101617,80
3694101617,25
3694101617,28
3694106477,92
3694106483,116
3694106508,6
3694106508,96
3694106550,91
3694106550,18
3694106550,27
3694106583,17
3694106596,124
3694106596,14
3694106596,13
3694106597,124
3694106597,14
3694106597,13
3694107004,100
3694107004,44
3694107007,99
3694107011,10
3694107034,14
3694107054,96
3694107068,112
3694107068,147
3694107073,14
3694107103,44
3694107146,96
3694107150,43
3694107154,59
3694107160,53
3694107160,25
3694107160,135
3694107166,53
3694107166,25
3694107166,135
3694107185,14
3694107187,92
3694107197,96
3694107197,4
3694107204,4
3694107207,48
3694107208,44
3694107242,83
3694107245,144
3694107245,53
3694107245,112
3694107283,14
3694107286,49
3694107327,43
3694107444,10
3694103920,73
3694104664,34
3694104664,25
3694104819,43
3694104819,41
3694104819,45
3694105665,34
3694105665,25
3694105682,1
3694106609,34
3694106609,25
3694106610,34
3694106610,25
3694106612,34
3694106612,25
3694106624,1
3694106625,1
3694107404,34
3694107404,25
3694107405,34
3694107405,25
3694107420,1
3694107532,106
3694108000,80
3694108003,44
3694108029,31
3694103918,14
3694103918,2040
3694103918,139
3694105670,96
3694105672,96
3694106631,14
3694106631,2081
3694106631,2040
3694108031,110
3694108033,14
3694108072,100
3694108081,134
3694108096,4
3694108102,96
3694108110,59
3694108167,47
3694108167,43
3694108167,49
3694108183,82
3694108244,98
3694108245,69
3694108254,96
3694106782,31
3694107437,49
3694108265,10
3694108287,91
3694108287,18
3694108287,27
3694108317,91
3694108317,18
3694108317,27
3694108320,59
3694108321,59
3694108362,42
3694108369,1
3694108371,1
3694108381,14
3694108381,2081
3694108381,2040
3694108408,11
3694109012,128
3694109021,53
3694109061,100
3694109080,4
3694109087,96
3694103934,104
3694103935,104
3694103938,104
3694104704,104
3694104705,104
3694104706,104
3694104708,104
3694107449,1810
3694107480,88
3694108400,104
3694108402,104
3694108403,104
3694109171,14
3694109189,96
3694109189,5
3694109189,3
3694109216,54
3694109217,54
3694109220,49
3694109239,91
3694109239,18
3694109239,27
3694109265,75
3694109305,1
3694109307,1
3694109309,1
3694109325,68
3694109335,104
3694109341,104
3694110043,80
3694110057,112
3694110101,80
3694110141,54
3694110141,49
3694110141,48
3694110167,104
3694110167,146
3694110174,14
3694110179,44
3694110189,6
3694110189,96
3694110254,91
3694110254,18
3694110254,27
3694104870,17
3694104870,15
3694105773,41
3694106694,17
3694109398,41
3694109400,142
3694110278,41
3694110278,43
3694110278,42
3694110286,69
3694110306,34
3694110306,25
3694110308,34
3694110308,25
3694110323,14
3694110323,13
3694110324,14
3694110324,2040
3694110324,139
3694110343,104
3694110347,104
3694110354,104
3694111052,75
3697300916,96
3694105077,100
3694106792,78
3694111088,6
3697302515,17
3697303257,96
3697305055,96
3697305844,104
3697306040,27
3697306070,104
3697306442,104
3697306632,11
3697308556,104
3697308676,96
3697308696,96
3697308936,11
3697309146,104
3697310042,104
3694109419,59
3694110303,1
3697311448,96
3697312317,96
3697312974,90
3697313287,104
3697315528,96
3697316255,104
3697316776,104
3697317471,4
3697317804,137
3697318597,118
3697318597,96
3697319134,11
3697320331,96
3697321023,139
3697321023,105
3697321023,78
3697322473,96
3697324234,14
3697326340,104
3697327038,104
3697327038,4
3697328753,123
3697330377,96
3697331495,135
3697332107,96
3697333126,104
3697335389,11
3697337864,139
3697337864,88
3697337864,14
3697337879,104
3697337896,96
3697337905,11
3693598658,4
3694105164,11
3694105760,4
3694105871,59
3694106743,19
3694108496,124
3694108496,14
3694108496,31
3694109417,4
3694109423,19
3694109424,19
3694111014,19
3697337922,47
3697337924,96
3697337983,104
3697337991,4
3697338146,104
3697338821,96
3697338865,137
3697338893,1
3697339692,11
3697339692,17
3697339744,4
3697339751,96
3697339758,96
3697339772,4
3697339785,42
3697339846,104
3697339867,4
3697339939,68
3697339939,85
3697339958,96
3697339965,96
3697339965,33
3697339966,147
3697339966,96
3697340577,96
3694104808,6
3694105792,14
3694105798,6
3694105803,30
3694107525,6
3694107526,6
3694107528,6
3694108504,6
3694108524,92
3694109435,14
3694109438,6
3694109439,6
3694110451,6
3697340579,53
3697340580,20
3697340580,6
3697340580,19
3697340609,48
3694110537,124
3697340616,45
3697340616,129
3697340616,41
3697340623,96
3697340628,80
3697340629,84
3697340630,4
3697340678,104
3697340695,96
3697340695,33
3697340737,70
3697340744,112
3697340753,96
3697340753,33
3697340761,43
3697340761,45
3697340762,14
3697340764,19
3697340767,9
3697340767,10
3697340789,51
3697340794,104
3697340805,96
3697340814,96
3697340831,96
3697341474,4
3697341581,26
3697341581,27
3697341581,25
3697341594,104
3697341595,104
3697341692,27
3697342275,48
3697342316,104
3697342373,14
3697342373,13
3697342395,104
3697342399,104
3697342477,49
3697342477,48
3697342480,59
3694104965,36
3694109480,6
3694111111,96
3697342482,86
3697342482,144
3697342482,84
3697342496,96
3697342506,104
3697342658,47
3697343077,17
3697343106,96
3697343111,17
3697343111,15
3697343111,12
3697343127,104
3697343136,4
3697343182,27
3697343186,96
3697343191,124
3694100915,123
3694104851,44
3694110480,3213
3697343210,104
3697343299,17
3697343310,96
3697343310,33
3697343323,43
3697343323,41
3697343334,104
3697343412,96
3697343539,47
3697344026,44
3697344026,80
3697344044,96
3697344064,43
3697344064,84
3697344064,96
3697344140,104
3697344214,91
3697344228,96
3697344228,33
3694105838,96
3694111063,25
3697344244,96
3697344244,33
3697344248,104
3697344259,96
3697344262,96
3697344262,33
3697344325,104
3697344945,43
3697345031,15
3697345103,96
3697345109,43
3697345112,146
3697345190,42
3697345288,47
3697345754,48
3697345801,48
3697345906,27
3693599944,100
3694104871,116
3694106773,14
3694108547,116
3694108548,116
3694109494,116
3694110489,116
3697346002,23
3697346035,96
3697346035,33
3697346115,42
3697346116,42
3697346488,43
3697346489,43
3697346657,48
3697346805,27
3697347581,48
3697347633,48
3694106971,43
3694107569,15
3694110494,14
3694111080,14
3697347943,96
3697348246,43
3697348391,48
3697348446,48
3697348548,27
3697348993,146
3697349338,48
3697349436,27
3697349846,116
3697349866,52
3697349871,14
3697349875,52
3697349904,54
3697349904,133
3697349940,88
3697349961,25
3697349961,23
3697349961,34
3697349972,55
3697350092,48
3697350427,14
3697350629,53
3697350683,112
3697350719,14
3697350720,14
3697350743,112
3697350749,104
3697350756,112
3697350761,104
3697350788,25
3697350788,23
3697350788,34
3697350820,68
3697350822,68
3697350827,68
3697350837,55
3697350855,75
3697350863,75
3697350868,4
3697350868,96
3697350868,6
3697350870,69
3697350870,132
3697350870,105
3697350876,43
3697350876,45
3697350876,46
3697350880,4
3697350880,96
3697350880,6
3697350889,4
3697350889,96
3697350890,4
3697350890,96
3697350900,4
3697350900,96
3697350900,6
3697350901,4
3697350901,96
3697350907,69
3697350907,132
3697350907,105
3697350911,69
3697350911,68
3697350911,67
3697350918,4
3697350918,96
3697350918,6
3697350942,112
3697350963,112
3694105864,143
3694111332,48
3697350983,112
3697350984,112
3697351329,14
3697351548,53
3697351604,43
3697351605,112
3697351606,116
3697351671,3226
3697351752,1497
3697351753,14
3697351765,53
3697351774,75
3697351784,14
3697351796,4
3697351796,96
3697351809,4
3697351809,96
3697351810,4
3697351810,96
3697351811,69
3697351811,100
3697351811,105
3697351821,4
3697351821,96
3697351822,4
3697351822,96
3697351830,69
3697351830,100
3697351830,105
3697351843,32
3697351843,31
3697351843,28
3697351850,4
3697351850,96
3697351928,110
3697351940,12
3697351940,15
3697352440,116
3697352442,43
3697352443,116
3697352445,116
3697352481,14
3697352592,68
3697352623,53
3697352624,112
3697352625,112
3697352641,75
3697352656,4
3697352656,96
3697352656,6
3697352658,69
3697352658,68
3697352658,67
3697352694,32
3697352694,31
3697352694,28
3697352695,32
3697352695,31
3697352695,28
3697352780,110
3697352867,19
3697352878,43
3697352881,96
3697352884,96
3697352885,51
3697352887,51
3697352906,4
3697352906,96
3697352906,6
3697352911,4
3697352911,96
3697352913,69
3697352913,105
3697352913,33
3697352918,69
3697352918,68
3697352918,105
3697352921,4
3697352921,96
3697352925,69
3697352925,100
3697352925,105
3697352927,69
3697352927,100
3697352927,105
3697352937,4
3697352937,96
3697352937,6
3697352938,4
3697352938,96
3697352941,4
3697352941,96
3697352941,6
3697352959,4
3697352959,96
3697352962,4
3697352962,96
3697352963,4
3697352963,96
3697352963,6
3697352964,27
3697352966,4
3697352966,96
3697352978,4
3697352978,96
3697352984,53
3697352990,4
3697352990,96
3697352992,75
3697353299,112
3697353300,112
3694104933,42
3694104946,96
3694104947,96
3694105907,96
3694106835,96
3694107627,96
3694108609,96
3694109544,42
3697353352,52
3697353357,52
3697353372,12
3697353372,15
3697353394,104
3697353395,104
3697353460,68
3697353461,68
3697353474,55
3697353487,75
3697353489,75
3697353507,4
3697353507,96
3697353528,69
3697353528,132
3697353528,105
3697353593,112
3697353647,12
3697353647,15
3697353650,31
3697353727,51
3697353748,69
3697353748,100
3697353748,105
3697353752,69
3697353752,67
3697353752,33
3697353759,4
3697353759,96
3697353759,6
3697353765,112
3697353770,69
3697353770,132
3697353770,105
3697353786,4
3697353786,96
3697353786,6
3697353790,4
3697353790,96
3697353793,27
3697353795,4
3697353795,96
3697353795,6
3697353796,27
3697353804,69
3697353804,68
3697353804,105
3697353807,4
3697353807,96
3697353807,6
3697353813,27
3697353816,53
3697353817,4
3697353817,96
3697353819,27
3697353820,43
3697353820,96
3697353820,11
3697353823,27
3697353826,27
3697353836,4
3697353836,96
3697353853,4
3697353853,96
3697353855,15
3697353858,4
3697353858,96
3697353864,4
3697353864,96
3697353864,6
3697353866,69
3697353866,100
3697353866,105
3697353876,15
3693596912,104
3694109561,14
3694113188,48
3697353887,86
3697353896,43
3697353896,92
3697353898,4
3697353898,96
3697353905,4
3697353905,96
3697353905,6
3697353907,4
3697353907,96
3697353913,4
3697353913,96
3697353913,6
3697353921,4
3697353921,96
3697353921,6
3697353929,4
3697353929,96
3697353938,4
3697353938,96
3697353938,6
3697353948,36
3697353950,4
3697353950,96
3697353950,6
3697353956,4
3697353956,96
3697353962,8
3697353962,119
3697353964,8
3697353964,119
3694106968,27
3694106969,88
3694107785,122
3694107787,122
3694107884,19
3694108767,122
3694110868,7
3694111266,96
3694112084,14
3694112085,14
3694113183,104
3697353967,112
3697353971,8
3697353971,119
3697353972,8
3697353972,119
3697353973,8
3697353973,119
3697353974,112
3697353978,4
3697353978,96
3697353978,6
3697353979,4
3697353979,96
3697353979,6
3697353980,4
3697353980,96
3697353980,6
3697353985,4
3697353985,96
3697353990,112
3697353991,112
3697353993,4
3697353993,96
3697353993,6
3697353999,4
3697353999,96
3697353999,6
3697354134,53
3697354193,116
3697354194,112
3697354195,116
3697354197,112
3697354229,51
3697354230,51
3697354260,112
3697354300,88
3697354334,68
3694111423,94
3694111423,48
3697354360,112
3697354383,75
3697354392,68
3697354397,4
3697354397,96
3697354397,6
3697354405,43
3697354405,45
3697354405,46
3697354414,69
3697354414,68
3697354414,105
3697354437,4
3697354437,96
3697354437,6
3697354443,69
3697354443,68
3697354443,105
3697354456,4
3697354456,96
3697354458,69
3697354458,100
3697354458,105
3697354552,110
3697354560,12
3697354560,15
3697354570,48
3697354571,31
3697354648,4
3697354648,96
3697354648,6
3697354663,4
3697354663,96
3697354663,6
3697354673,68
3697354673,70
3697354675,4
3697354675,96
3697354675,6
3697354685,112
3697354688,4
3697354688,96
3697354688,6
3697354699,4
3697354699,96
3697354699,6
3697354701,69
3697354701,68
3697354701,105
3697354703,4
3697354703,96
3697354703,6
3697354705,4
3697354705,96
3697354705,6
3697354714,27
3697354716,27
3697354718,27
3697354719,27
3697354721,4
3697354721,96
3697354730,27
3697354731,27
3697354732,27
3697354733,4
3697354733,96
3697354747,69
3697354747,100
3697354747,105
3697354748,4
3697354748,96
3697354748,6
3697354758,4
3697354758,96
3697354763,69
3697354763,67
3697354763,33
3697354773,4
3697354773,96
3697354773,6
3697354780,69
3697354780,132
3697354780,105
3697354786,4
3697354786,96
3697354788,69
3697354788,100
3697354788,105
3697354790,69
3697354790,132
3697354790,105
3697354792,86
3697354794,69
3697354794,100
3697354794,105
3697354803,32
3697354803,31
3697354803,28
3697354805,32
3697354805,31
3697354805,28
3697354809,86
3697354813,43
3697354813,92
3697354815,4
3697354815,96
3697354815,6
3697354817,12
3697354817,15
3697354817,4
3697354826,104
3697354830,48
3697354837,69
3697354837,105
3697354837,33
3697354842,4
3697354842,96
3697354843,69
3697354843,105
3697354843,33
3697354854,4
3697354854,96
3697354856,4
3697354856,96
3697354861,4
3697354861,96
3697354861,6
3697354863,14
3697354867,4
3697354867,96
3697354868,14
3697354870,4
3697354870,96
3697354870,6
3697354872,4
3697354872,96
3697354872,6
3697354879,4
3697354879,96
3697354879,6
3697354884,8
3697354884,119
3694114103,144
3694114103,106
3694114170,7
3697354886,4
3697354886,96
3697354886,6
3697354888,47
3697354897,4
3697354897,96
3697354897,6
3697354902,112
3697354908,8
3697354908,119
3697354911,4
3697354911,96
3697354911,6
3697354921,4
3697354921,96
3697354921,6
3697354923,4
3697354923,96
3697354924,4
3697354924,96
3697354924,6
3697354934,4
3697354934,96
3697354934,6
3697354938,4
3697354938,96
3697354941,4
3697354941,96
3697354941,6
3697354944,4
3697354944,96
3697354950,4
3697354950,96
3697354950,6
3697354955,31
3694108756,4
3694111356,96
3694112183,96
3694112214,69
3694112300,34
3694112300,14
3694113151,96
3694114193,7
3697354966,4
3697354966,96
3697354966,6
3697354986,36
3697354991,4
3697354991,96
3697354994,4
3697354994,96
3697354994,6
3697355087,53
3697355154,112
3697355188,14
3697355192,146
3697355210,112
3697355226,12
3697355226,15
3694111382,25
3694113293,9
3694113293,10
3694113305,14
3694114203,14
3697355247,88
3697355316,68
3697355331,75
3697355348,69
3697355348,100
3697355348,105
3697355359,4
3697355359,96
3697355362,69
3697355362,100
3697355362,105
3697355384,4
3697355384,96
3697355388,4
3697355388,96
3697355389,69
3697355389,100
3697355389,105
3697355394,69
3697355394,68
3697355394,105
3697355410,4
3697355410,96
3697355411,69
3697355411,68
3697355411,105
3697355416,4
3697355416,96
3697355427,4
3697355427,96
3697355447,112
3697355485,110
3697355565,51
3697355569,68
3697355571,51
3697355572,51
3697355594,14
3697355594,13
3697355594,100
3697355596,43
3697355598,43
3697355603,96
3697355639,69
3697355639,132
3697355639,105
3697355640,4
3697355640,69
3697355640,96
3697355644,4
3697355644,96
3697355644,6
3697355653,4
3697355653,96
3697355653,6
3697355657,43
3697355665,69
3697355665,132
3697355665,105
3694109856,11
3697355678,27
3697355682,69
3697355682,100
3697355682,105
3697355684,4
3697355684,96
3697355684,6
3697355691,27
3697355695,27
3697355696,27
3697355706,27
3697355707,27
3697355711,4
3697355711,96
3697355724,4
3697355724,96
3697355746,15
3697355750,69
3697355750,68
3697355750,105
3697355759,86
3697355760,86
3697355761,15
3697355763,15
3697355772,4
3697355772,96
3697355781,4
3697355781,96
3697355787,4
3697355787,96
3697355791,69
3697355791,100
3697355791,105
3697355793,69
3697355793,132
3697355793,105
3697355794,4
3697355794,96
3697355801,48
3697355802,4
3697355802,96
3697355810,4
3697355810,96
3697355811,4
3697355811,96
3697355822,4
3697355822,96
3697355824,112
3697355832,4
3697355832,96
3697355836,4
3697355836,96
3697355841,4
3697355841,96
3697355843,14
3697355846,4
3697355846,96
3697355852,4
3697355852,96
3697355852,6
3697355853,4
3697355853,96
3697355853,6
3697355854,8
3697355854,119
3697355857,69
3697355857,67
3697355857,33
3697355879,4
3697355879,96
3697355879,6
3697355882,112
3697355887,4
3697355887,96
3697355887,6
3697355898,4
3697355898,96
3697355898,6
3697355901,133
3697355906,4
3697355906,96
3697355906,6
3697355908,4
3697355908,96
3697355908,6
3697355912,4
3697355912,96
3697355913,68
3697355917,4
3697355917,96
3697355919,4
3697355919,96
3697355919,6
3697355926,4
3697355926,96
3697355926,6
3697355928,4
3697355928,96
3697355928,6
3688319458,4
3694105845,31
3694105845,47
3694105845,41
3697355931,31
3697355939,4
3697355939,96
3697355939,6
3697355940,4
3697355940,96
3697355940,6
3697355941,14
3697355944,4
3697355944,96
3697355944,6
3697355959,36
3697355964,69
3697355964,67
3697355964,33
3697355972,4
3697355972,96
3697355972,6
3697355979,4
3697355979,96
3697355979,6
3697355996,4
3697355996,96
3697356017,104
3697356082,68
3697356109,54
3697356109,133
3697356132,4
3697356132,96
3697356132,6
3697356150,4
3697356150,96
3697356150,6
3697356157,4
3697356157,96
3697356160,4
3697356160,96
3697356168,4
3697356168,96
3697356173,4
3697356173,96
3697356178,118
3697356196,118
3697356230,112
3697356241,43
3697356261,110
3697356284,110
3697356312,31
3697356313,31
3697356381,96
3697356382,43
3697356392,51
3697356405,69
3697356405,105
3697356405,33
3697356418,69
3697356418,68
3697356418,105
3694107931,54
3694107931,34
3694107931,23
3694110964,146
3694111279,19
3694111424,43
3694111437,17
3694111437,14
3694113254,27
3694114000,19
3697356431,4
3697356431,96
3697356431,6
3697356433,69
3697356433,100
3697356433,105
3697356440,69
3697356440,68
3697356440,105
3697356446,4
3697356446,96
3697356446,6
3697356460,69
3697356460,132
3697356460,105
3697356472,4
3697356472,96
3697356472,6
3697356484,4
3697356484,96
3697356484,6
3697356485,43
3697356485,96
3697356485,11
3697356486,27
3697356496,27
3694107952,1
3694109850,48
3694109850,43
3694109850,44
3694110901,12
3694110901,14
3694110901,17
3694110914,94
3694110914,31
3694110914,30
3694111444,48
3694111444,43
3694111444,44
3694112260,12
3694112260,14
3694112260,17
3694112261,14
3694112262,96
3694112265,3200
3694112271,3102
3694113221,96
3694116108,6
3694117047,104
3697356499,4
3697356499,96
3697356499,6
3697356504,4
3697356504,96
3697356517,69
3697356517,67
3697356517,33
3697356521,4
3697356521,96
3697356523,4
3697356523,96
3697356525,4
3697356525,96
3697356527,15
3697356531,15
3697356538,4
3697356538,96
3697356561,48
3697356563,4
3697356563,96
3697356565,4
3697356565,96
3697356565,6
3697356572,4
3697356572,96
3697356577,12
3697356577,15
3697356577,4
3697356579,69
3697356579,100
3697356579,105
3697356589,4
3697356589,96
3697356589,6
3697356595,4
3697356595,96
3697356595,6
3697356608,14
3697356611,4
3697356611,96
3697356611,6
3697356613,1
3694107920,27
3694107921,27
3694107928,75
3694107939,54
3694107939,135
3694107939,70
3694107961,75
3694108903,75
3694109872,48
3694110888,27
3694111457,68
3694111466,48
3694111467,104
3694111625,43
3694111625,46
3694112267,54
3694112267,135
3694112267,70
3694112268,54
3694112268,135
3694112268,70
3694112276,43
3694113198,14
3694113203,27
3694113219,75
3694113227,47
3694113227,43
3694113227,11
3694113243,104
3694114155,68
3694114156,68
3697356614,8
3697356614,119
3697356622,4
3697356622,96
3697356623,8
3697356623,119
3697356624,8
3697356624,119
3697356625,8
3697356625,119
3697356630,4
3697356630,96
3697356630,6
3697356632,4
3697356632,96
3697356632,6
3697356634,4
3697356634,96
3697356634,6
3697356637,8
3697356637,119
3697356638,8
3697356638,119
3697356639,8
3697356639,119
3697356641,8
3697356641,119
3697356642,8
3697356642,119
3697356644,4
3697356644,96
3697356644,6
3697356646,4
3697356646,96
3697356646,6
3697356655,4
3697356655,96
3697356656,4
3697356656,96
3697356656,6
3697356657,4
3697356657,96
3697356662,133
3697356663,4
3697356663,96
3697356663,6
3697356665,4
3697356665,96
3697356665,6
3697356666,133
3697356667,4
3697356667,96
3697356667,6
3697356670,68
3697356674,133
3697356681,4
3697356681,96
3697356681,6
3697356683,4
3697356683,96
3697356694,4
3697356694,96
3697356694,6
3693599953,144
3694107983,19
3694108932,116
3694109904,14
3694109913,59
3694111495,19
3697356695,4
3697356695,96
3697356695,6
3697356696,4
3697356696,96
3697356708,4
3697356708,96
3697356708,6
3697356713,4
3697356713,96
3697356713,6
3697356722,36
3697356730,4
3697356730,96
3697356730,6
3697356731,4
3697356731,96
3697356731,6
3697356733,36
3697356742,4
3697356742,96
3697356742,6
3697356751,4
3697356751,96
3697356751,6
3697356796,100
3694108957,43
3694111622,51
3694112449,48
3694112472,104
3694113404,47
3694113406,47
3694114319,116
3694115010,1481
3694115113,48
3694115115,57
3694116086,36
3694116094,86
3694116105,104
3694118030,104
3694118033,8
3697356797,100
3697356861,112
3694116061,96
3697356932,14
3697356934,31
3697356939,31
3697356954,31
3697357032,69
3697357032,100
3697357032,105
3697357034,4
3697357034,96
3697357034,6
3697357037,4
3697357037,96
3697357037,6
3697357051,4
3697357051,96
3697357058,69
3697357058,100
3697357058,105
3697357061,4
3697357061,96
3697357062,69
3697357062,67
3697357062,33
3697357066,4
3697357066,96
3697357068,4
3697357068,96
3697357068,6
3697357074,32
3697357074,31
3697357074,28
3697357082,4
3697357082,96
3697357084,4
3697357084,96
3697357084,6
3694111476,14
3694113370,87
3694115078,14
3694117154,17
3694117154,15
3694118004,48
3694118021,54
3694118021,70
3697357122,112
3697357128,112
3697357155,110
3697357205,31
3697357258,51
3697357292,99
3697357295,4
3697357295,96
3697357295,6
3697357311,69
3697357311,68
3697357311,105
3697357330,4
3697357330,96
3697357336,408
3697357346,4
3697357346,96
3697357346,6
3694112469,104
3694113388,104
3694113419,104
3694114316,104
3694114325,104
3694115124,104
3694117064,104
3694117068,104
3694117073,104
3694118032,104
3694118045,104
3697357348,69
3697357348,68
3697357348,105
3697357351,4
3697357351,96
3697357355,27
3697357361,3208
3697357362,4
3697357362,96
3697357362,6
3697357364,27
3694114313,14
3694118029,14
3697357370,69
3697357370,67
3697357370,33
3697357377,27
3697357378,27
3697357380,27
3697357382,27
3697357388,27
3697357398,4
3697357398,96
3697357398,6
3697357421,69
3697357421,100
3697357421,105
3697357424,69
3697357424,67
3697357424,33
3697357427,69
3697357427,68
3697357427,105
3697357428,15
3697357436,69
3697357436,105
3697357436,33
3697357446,43
3697357446,92
3697357448,43
3697357448,92
3694118144,43
3697357451,69
3697357451,67
3697357451,33
3697357453,69
3697357453,100
3697357453,105
3697357454,112
3697357465,4
3697357465,96
3697357469,69
3697357469,67
3697357469,33
3697357472,4
3697357472,96
3697357475,4
3697357475,96
3697357483,69
3697357483,68
3697357483,105
3697357490,4
3697357490,96
3697357490,6
3697357500,112
3697357504,14
3697357508,41
3697357516,8
3697357516,119
3697357518,4
3697357518,96
3697357518,6
3697357519,4
3697357519,96
3697357519,6
3697357529,4
3697357529,96
3694113537,17
3694114207,139
3694115092,14
3694115248,12
3697357538,4
3697357538,96
3697357540,118
3697357540,25
3697357540,7
3697357551,4
3697357551,96
3697357551,6
3697357553,4
3697357553,96
3697357555,133
3697357556,133
3697357560,4
3697357560,96
3697357560,6
3697357577,31
3697357583,4
3697357583,96
3697357583,6
3697357588,31
3697357592,4
3697357592,96
3697357592,6
3697357596,4
3697357596,96
3697357596,6
3697357601,100
3694111631,92
3694112468,92
3694112494,99
3694112497,99
3694112498,99
3694112501,99
3694112503,99
3694113450,99
3694113451,99
3694114332,92
3694114363,99
3694114365,99
3694115123,92
3694115147,99
3694116139,99
3694117105,99
3694111652,25
3694111652,27
3694111652,20
3694111656,25
3694111656,27
3694111656,20
3694111660,25
3694111660,27
3694111660,20
3694111661,25
3694111661,27
3694111661,20
3694111775,92
3694112492,25
3694112492,27
3694112492,20
3694112493,25
3694112493,27
3694112493,20
3694112496,25
3694112496,27
3694112496,20
3694112504,25
3694112504,27
3694112504,20
3694114356,25
3694114356,27
3694114356,20
3694114360,25
3694114360,27
3694114360,20
3694115136,25
3694115136,27
3694115136,20
3694115140,25
3694115140,27
3694115140,20
3694115144,25
3694115144,27
3694115144,20
3694115148,25
3694115148,27
3694115148,20
3694115149,25
3694115149,27
3694115149,20
3694107962,27
3694107985,27
3694108946,27
3694109944,27
3694110961,27
3694111512,27
3694111569,27
3694112296,27
3694112305,27
3694112312,27
3694112400,27
3694113269,27
3694113272,27
3694113313,27
3694113345,27
3694113363,27
3694115041,27
3694111702,27
3694112372,14
3694112536,146
3694113477,15
3694113477,14
3694114397,27
3694115030,27
3694115050,27
3694116049,27
3694116097,27
3694116129,25
3694116129,27
3694116129,20
3694116169,27
3694116170,27
3694116171,27
3694117011,27
3694117100,25
3694117100,27
3694117100,20
3694117101,25
3694117101,27
3694117101,20
3694117106,99
3694111606,47
3694111606,43
3694111606,11
3694112269,27
3694114191,27
3694114192,27
3694114300,47
3694114300,43
3694114300,11
3694114575,92
3694117053,47
3694117053,43
3694117053,11
3694117107,25
3694117107,27
3694117107,20
3694117136,27
3694117280,7
3694117312,32
3694118068,25
3694118068,27
3694118068,20
3694118078,99
3694118114,27
3697357603,4
3697357603,96
3697357603,6
3697357604,4
3697357604,96
3697357604,6
3697357624,4
3697357624,96
3697357624,6
3694112528,8
3694112542,3241
3694113461,8
3694113469,8
3694113491,3241
3694114378,8
3694116145,8
3694116146,8
3694116150,8
3694116151,8
3694117113,8
3694117116,8
3694117118,8
3694118089,8
3697357627,4
3697357627,96
3697357627,6
3697357628,4
3697357628,96
3697357628,6
3697357634,4
3697357634,96
3697357695,31
3697357700,96
3697357748,14
3697357760,100
3697357822,9
3697357840,56
3697357880,3202
3697357897,3202
3697357900,3202
3697357969,3233
3697357974,41
3697357993,48
3697357993,55
3697357994,48
3697357994,55
3697358001,110
3697358033,31
3697358093,51
3697358115,14
3697358115,13
3697358115,100
3697358122,96
3697358132,69
3697358132,68
3697358132,105
3697358152,4
3697358152,96
3697358152,6
3697358153,4
3697358153,96
3697358153,6
3697358155,51
3697358157,4
3697358157,96
3697358157,6
3697358160,4
3697358160,96
3697358160,6
3697358162,4
3697358162,96
3697358168,112
3697358171,69
3697358171,68
3697358171,105
3697358180,69
3697358180,132
3697358180,105
3697358185,43
3697358186,112
3697358187,4
3697358187,96
3697358191,4
3697358191,96
3697358196,69
3697358196,132
3697358196,68
3697358202,69
3697358202,67
3697358202,33
3694117141,17
3694117141,14
3694117141,96
3697358203,27
3697358209,43
3697358209,96
3697358209,11
3697358211,4
3697358211,96
3697358218,27
3697358225,4
3697358225,96
3697358232,4
3697358232,96
3697358232,6
3697358253,69
3697358253,100
3697358253,105
3697358255,4
3697358255,96
3697358260,15
3697358264,15
3697358269,69
3697358269,67
3697358269,33
3697358279,43
3697358279,92
3697358281,4
3697358281,96
3697358281,6
3697358282,4
3697358282,96
3697358287,4
3697358287,96
3697358287,6
3697358288,4
3697358288,96
3694112752,112
3694114439,68
3694114610,48
3694116084,15
3697358290,69
3697358290,100
3697358290,105
3697358297,69
3697358297,132
3697358297,105
3697358300,104
3697358303,48
3697358306,4
3697358306,96
3697358306,6
3697358308,4
3697358308,96
3697358310,27
3697358314,4
3697358314,96
3697358314,6
3697358319,43
3697358319,92
3697358320,4
3697358320,96
3697358325,4
3697358325,96
3697358325,6
3697358330,4
3697358330,96
3697358335,69
3697358335,68
3697358335,105
3694113481,104
3694115220,12
3694115220,15
3694115220,17
3694117176,104
3697358338,4
3697358338,96
3697358347,4
3697358347,96
3697358352,8
3697358352,119
3697358353,86
3697358357,112
3697358359,8
3697358359,119
3697358361,112
3697358362,4
3697358362,96
3697358362,6
3697358364,8
3697358364,119
3697358365,4
3697358365,96
3697358366,4
3697358366,96
3697358366,6
3697358367,8
3697358367,119
3697358369,8
3697358369,119
3697358374,112
3694112590,75
3697358391,8
3697358391,119
3697358393,112
3697358394,4
3697358394,96
3697358394,6
3697358395,8
3697358395,119
3697358404,4
3697358404,96
3697358404,6
3697358419,4
3697358419,96
3697358419,6
3697358429,4
3697358429,96
3697358429,6
3697358433,4
3697358433,96
3697358433,6
3697358435,68
3697358443,4
3697358443,96
3697358443,6
3697358444,4
3697358444,96
3697358444,6
3697358446,48
3697358449,4
3697358449,96
3697358454,4
3697358454,96
3697358454,6
3697358476,4
3697358476,96
3697358476,6
3697358483,4
3697358483,96
3697358483,6
3694112581,104
3694112603,43
3694112604,36
3694113523,104
3694113524,104
3694113525,104
3694113547,104
3694114445,104
3694114446,104
3694114447,104
3694115229,104
3694115243,104
3694116217,104
3694116228,104
3694117177,104
3694117192,104
3694118150,104
3694118151,104
3694118164,104
3694118165,104
3697358486,36
3697358490,4
3697358490,96
3697358490,6
3697358549,4
3697358567,14
3697358646,31
3697358647,31
3697358648,31
3697358654,31
3697358655,31
3697358658,31
3697358659,31
3697358691,135
3697358695,6
3697358702,15
3697358706,3202
3697358707,14
3697358711,3202
3697358755,47
3697358757,41
3697358780,14
3697358829,96
3697358929,11
3697358982,51
3697358993,4
3697359018,51
3697359029,87
3697359029,116
3697359034,51
3697359043,4
3697359043,96
3697359064,4
3697359064,96
3697359064,6
3697359068,4
3697359068,96
3697359068,6
3697359075,69
3697359075,68
3697359075,105
3694114759,135
3694114759,55
3694114759,112
3694117145,4
3697359082,53
3697359093,69
3697359093,68
3697359093,105
3697359096,27
3697359103,75
3697359104,27
3697359107,4
3697359107,96
3697359107,6
3697359108,4
3697359108,96
3697359110,11
3697359136,4
3697359136,96
3697359136,6
3697359155,69
3697359155,132
3697359155,105
3697359158,4
3697359158,96
3697359165,69
3697359165,132
3697359165,105
3697359180,4
3697359180,96
3697359180,6
3697359183,4
3697359183,96
3697359183,6
3697359192,4
3697359192,96
3697359192,6
3697359202,69
3697359202,68
3697359202,105
3697359204,4
3697359204,96
3697359204,6
3697359206,69
3697359206,100
3697359206,105
3697359211,69
3697359211,100
3697359211,105
3697359216,27
3697359217,14
3697359219,4
3697359219,96
3697359219,6
3697359221,4
3697359221,96
3697359224,112
3697359226,4
3697359226,96
3697359228,69
3697359228,68
3697359228,105
3697359229,112
3697359230,4
3697359230,96
3697359230,6
3697359236,4
3697359236,96
3697359240,4
3697359240,96
3697359240,6
3697359242,4
3697359242,96
3697359242,6
3697359254,8
3697359254,119
3694109981,47
3694109981,96
3694109981,11
3694111576,47
3694111576,96
3694111576,11
3694111752,11
3694111848,112
3694112396,47
3694112396,96
3694112396,11
3694112397,47
3694112397,96
3694112397,11
3694112405,47
3694112405,96
3694112405,11
3694113352,47
3694113352,96
3694113352,11
3694113357,47
3694113357,96
3694113357,11
3694114264,47
3694114264,96
3694114264,11
3694114267,47
3694114267,96
3694114267,11
3694114440,41
3694115040,47
3694115040,96
3694115040,11
3694115044,47
3694115044,96
3694115044,11
3694115060,47
3694115060,96
3694115060,11
3694115064,47
3694115064,96
3694115064,11
3694116036,47
3694116036,96
3694116036,11
3694116043,47
3694116043,96
3694116043,11
3694117016,47
3694117016,96
3694117016,11
3694119033,51
3694119033,4
3694119033,48
3697359259,4
3697359259,96
3697359259,6
3697359269,8
3697359269,119
3697359270,8
3697359270,119
3697359273,4
3697359273,96
3697359280,112
3697359291,133
3697359298,4
3697359298,96
3697359298,6
3697359304,4
3697359304,96
3697359304,6
3697359314,4
3697359314,96
3697359314,6
3697359316,4
3697359316,96
3697359316,6
3697359318,4
3697359318,96
3697359318,6
3697359322,4
3697359322,96
3697359323,4
3697359323,96
3697359323,6
3697359325,4
3697359325,96
3697359325,6
3694111921,3130
3694113860,96
3694116495,128
3697359330,4
3697359330,96
3697359330,6
3697359336,4
3697359336,96
3697359336,6
3697359375,4
3697359375,96
3697359375,6
3697359419,14
3697359419,6
3697359474,14
3697359507,125
3697359568,31
3697359569,31
3697359572,4
3697359575,31
3697359580,4
3697359657,14
3697359708,3233
3694113660,71
3694114579,71
3694114657,59
3694117389,59
3697359744,4
3697359796,137
3697359858,11
3697359921,4
3697359943,96
3697360049,4
3697360049,96
3697360053,4
3697360053,96
3697360056,96
3697360068,69
3697360068,68
3697360068,105
3697360077,86
3697360079,69
3697360079,67
3697360079,33
3697360085,4
3697360085,96
3697360089,69
3697360089,68
3697360089,105
3697360097,69
3697360097,67
3697360097,33
3697360104,4
3697360104,96
3697360106,69
3697360106,68
3697360106,105
3697360107,4
3697360107,96
3697360109,12
3697360109,15
3697360109,4
3697360120,4
3697360120,96
3697360120,6
3697360123,4
3697360123,96
3697360123,6
3697360128,43
3697360134,15
3697360135,112
3697360139,69
3697360139,68
3697360139,67
3697360146,14
3697360154,112
3697360163,4
3697360163,96
3697360163,6
3697360166,4
3697360166,96
3697360172,4
3697360172,96
3697360172,6
3697360175,4
3697360175,96
3697360175,6
3694113890,112
3694113890,92
3694113890,48
3694115326,32
3694115326,30
3694115326,31
3694115345,14
3694115544,104
3694117290,32
3694117290,30
3694117290,31
3694117391,68
3697360179,4
3697360179,96
3697360179,6
3697360180,112
3697360182,8
3697360182,119
3697360184,4
3697360184,96
3697360184,6
3697360187,4
3697360187,96
3697360187,6
3697360193,4
3697360193,96
3697360195,4
3697360195,96
3697360195,6
3697360202,4
3697360202,96
3697360210,4
3697360210,96
3697360210,6
3697360217,4
3697360217,96
3694111956,15
3694111975,15
3694113781,15
3694116516,122
3694116544,91
3694119012,44
3697360220,31
3697360224,4
3697360224,96
3697360230,4
3697360230,96
3697360231,4
3697360231,96
3697360231,6
3697360233,69
3697360233,132
3697360233,68
3697360239,69
3697360239,68
3697360239,67
3697360241,68
3697360249,4
3697360249,96
3697360249,6
3697360259,4
3697360259,96
3697360259,6
3697360268,4
3697360268,96
3697360268,6
3694112865,14
3694112865,42
3694113825,14
3694113825,42
3694113826,14
3694113826,42
3694113827,14
3694113827,42
3694113828,14
3694113828,42
3694114739,14
3694114739,42
3694114740,14
3694114740,42
3694115499,14
3694115499,42
3694115501,14
3694115501,42
3694117474,14
3694117474,42
3694118412,14
3694118412,42
3694118414,14
3694118414,42
3694119010,14
3694119010,42
3697360282,4
3697360282,96
3697360282,6
3697360293,91
3697360443,14
3697360451,31
3694114815,4
3694114815,80
3694114815,113
3694118413,14
3694118413,42
3694119008,57
3697360452,31
3697360455,31
3697360460,11
3697360501,3202
3697360521,3202
3697360666,104
3697360707,96
3697360724,139
3697360734,11
3697360739,11
3697360824,96
3697360825,96
3697360844,41
3697360844,43
3697360844,46
3697360850,96
3694112735,32
3694112735,31
3694112735,34
3694112821,31
3694113687,31
3694113782,27
3694113782,31
3694113782,19
3694114599,31
3694114828,48
3694115393,32
3694115393,31
3694115393,34
3694116361,32
3694116361,31
3694116361,34
3694117489,14
3694118431,100
3697360879,25
3697360881,14
3697360883,14
3697360884,14
3697360895,17
3697360895,12
3697360900,49
3697360900,54
3697360900,48
3697360902,139
3694113878,4
3694113908,57
3694113908,1
3694113908,52
3694114812,57
3694114812,1
3694114812,52
3694116549,57
3694116549,1
3694116549,52
3694116562,14
3694119080,12
3697360921,3192
3697360951,34
3697360955,14
3697360963,14
3697360967,14
3697360970,14
3697360971,14
3697360972,14
3697360973,34
3697360975,14
3697360979,126
3694116489,104
3694116535,27
3694118444,86
3697361002,8
3697361002,119
3697361007,4
3697361007,96
3697361007,6
3697361018,4
3697361018,96
3697361029,4
3697361029,96
3697361029,6
3697361031,4
3697361031,96
3697361032,69
3697361032,68
3697361032,67
3697361036,31
3697361043,4
3697361043,96
3697361043,6
3697361046,4
3697361046,96
3697361046,6
3697361050,4
3697361050,96
3697361050,6
3697361051,48
3697361053,4
3697361053,96
3697361053,6
3697361056,4
3697361056,96
3697361068,4
3697361068,96
3697361068,6
3694113850,43
3694115536,91
3694117505,91
3697361082,4
3697361082,96
3697361082,6
3697361088,4
3697361088,96
3697361088,6
3697361094,23
3697361096,36
3697361103,14
3697361163,96
3697361164,96
3697361270,14
3697361276,68
3697361286,31
3697361287,31
3697361288,31
3697361290,31
3697361291,31
3697361293,11
3697361327,68
3697361403,48
3697361403,55
3697361410,48
3697361410,55
3697361555,11
3697361637,96
3697361643,135
3697361661,104
3697361662,41
3697361662,43
3697361662,46
3697361667,96
3697361706,49
3697361706,54
3697361706,48
3697361708,49
3697361708,54
3697361708,48
3697361709,49
3697361709,54
3697361709,48
3697361770,14
3697361771,14
3697361772,14
3697361774,34
3697361775,14
3697361778,126
3697361814,75
3697361815,14
3697361991,41
3697361992,41
3697362051,31
3697362061,49
3697362062,49
3697362066,100
3697362089,112
3697362106,100
3697362171,14
3697362183,31
3697362221,6
3697362225,25
3697362279,5
3697362279,96
3697362279,8
3697362317,3233
3697362334,48
3697362334,55
3697362335,48
3697362335,55
3697362474,11
3697362475,11
3697362486,11
3697362595,57
3697362610,116
3697362623,135
3697362632,3195
3697362634,34
3697362646,3192
3697362663,34
3697362673,14
3697362727,75
3697362800,55
3694118631,105
3694119213,30
3697362842,55
3697363042,100
3697363047,68
3697363054,49
3697363097,14
3697363098,100
3697363170,14
3697363172,14
3697363174,31
3697363178,31
3697363188,31
3697363225,3202
3697363227,25
3697363229,25
3697363377,28
3697363380,3132
3697363380,1862
3697363460,11
3697363473,11
3697363558,96
3697363571,41
3697363571,43
3697363571,46
3697363579,96
3697363601,59
3697363614,14
3697363628,17
3697363650,34
3697363655,42
3697363677,34
3697363678,34
3697363688,14
3697363689,14
3697363690,14
3697363691,14
3697363699,14
3697363700,14
3697363701,14
3697363702,14
3697363734,75
3697364004,14
3697364085,48
3697364085,55
3697364096,48
3697364096,55
3697364133,3132
3697364133,1862
3697364165,96
3697364234,11
3697364327,3222
3697364335,41
3697364335,43
3697364335,46
3697364343,57
3697364344,57
3697364345,57
3697364390,59
3694112936,104
3694112937,23
3694113895,23
3694113896,14
3694114960,13
3694115688,104
3694115688,52
3694116534,14
3694118482,23
3697364392,17
3697364438,34
3697364460,14
3697364461,14
3697364462,34
3697364501,75
3697364520,47
3697364668,41
3697365032,75
3697365046,137
3697365130,11
3697365252,96
3697365269,59
3697365288,49
3697365288,54
3697365288,48
3697365289,49
3697365289,54
3697365289,48
3697365311,34
3697365316,3192
3697365347,34
3697365348,14
3697365354,14
3697365367,54
3697365509,25
3697365518,53
3697365524,55
3697366081,116
3697366095,34
3697366096,34
3697366099,34
3697366117,34
3697366140,14
3697366146,14
3697366150,14
3697366152,14
3697366155,14
3697366159,14
3697366161,14
3697366163,14
3697366165,126
3697366204,122
3697366204,1958
3697366219,75
3697366220,59
3697366307,31
3694112963,42
3694113915,43
3694113916,104
3694115573,43
3694116514,48
3694118508,104
3694119048,48
3697366335,53
3697367000,14
3697367005,49
3697367005,54
3697367005,48
3697367012,49
3697367012,54
3697367012,48
3697367018,3192
3697367019,34
3697367027,34
3697367047,34
3697367060,34
3697367070,14
3697367075,14
3697367076,14
3697367079,14
3697367080,14
3697367198,55
3697367199,55
3697367219,31
3697367221,31
3697367242,55
3697368006,116
3697368027,75
3697368135,31
3697368198,41
3697372909,31
3697372970,14
3697373828,31
3697373830,31
3697373833,27
3697373836,139
3697373876,31
3697373887,14
3697373892,14
3697373932,6
3697374660,139
3697374689,16
3697374691,16
3697374694,16
3697374703,14
3697374786,96
3697374877,14
3697374884,14
3697374897,15
3697374920,27
3697374928,104
3694113943,43
3694113948,12
3694113949,12
3694113952,12
3694113963,12
3694114856,12
3694114872,12
3694114891,12
3694114892,12
3694115636,12
3694115777,96
3694116553,44
3694116570,43
3694116596,12
3694116774,68
3694117549,44
3694118308,4
3694113923,96
3694113923,43
3694113942,96
3694113942,43
3694113945,96
3694113945,43
3694113960,14
3694115583,96
3694115583,43
3694115616,96
3694115616,43
3694115752,14
3694116588,96
3694116588,43
3694116589,96
3694116589,43
3694117736,14
3694117752,14
3694118518,43
3694118537,96
3694118537,43
3694118542,44
3694118689,14
3694118701,14
3694118720,96
3694112949,55
3694114895,41
3694114895,43
3694114895,45
3694115638,41
3694115638,43
3694115638,45
3694118568,41
3694118568,43
3694118568,45
3694118572,41
3694118572,43
3694118572,45
3694119049,19
3694119120,1
3694119128,12
3694119148,12
3694119149,12
3694119280,14
3694119288,14
3694120016,12
3694120017,12
3694120030,41
3694120030,43
3694120030,45
3694120104,104
3694120176,14
3694112930,27
3694113885,27
3694113993,27
3694114897,27
3694115641,48
3694116523,27
3694116540,27
3694116621,27
3694116639,27
3694117616,27
3694117617,27
3694119182,27
3694122017,14
3697374929,104
3697374930,104
3697374931,104
3697374934,104
3697374940,104
3697374957,104
3697375532,31
3697375545,3198
3697375596,16
3697375597,16
3697375608,14
3697375609,14
3697375755,7
3697375760,42
3697375760,43
3697375786,14
3697375787,14
3697375796,96
3697375802,15
3697375803,15
3697375804,15
3697375808,68
3697375812,15
3697375819,104
3697375836,104
3697375838,104
3697375840,104
3697375844,104
3697375852,104
3697375856,96
3697375856,4
3697375879,16
3697375890,6
3697375911,15
3697376436,3198
3697376461,31
3697376488,16
3697376491,16
3697376497,14
3697376514,69
3697376675,14
3697376681,14
3697376687,14
3697376689,14
3697376706,15
3697376707,15
3697376713,15
3697376715,42
3697376719,42
3697376742,104
3697376746,96
3697376746,4
3697376849,96
3697376920,16
3697376959,100
3697376959,16
3697376961,42
3697377238,3226
3697377424,42
3697377424,43
3694113999,116
3694113999,98
3694113999,141
3694114928,116
3694114928,98
3694114928,141
3694114929,116
3694114929,98
3694114929,141
3694114944,116
3694114944,98
3694114944,141
3694116648,116
3694116648,98
3694116648,141
3694116656,116
3694116656,98
3694116656,141
3694116657,116
3694116657,98
3694116657,141
3694116668,116
3694116668,98
3694116668,141
3694116676,104
3694117649,116
3694117649,98
3694117649,141
3694117676,116
3694117676,98
3694117676,141
3694118621,116
3694118621,98
3694118621,141
3694119216,116
3694119216,98
3694119216,141
3694119217,116
3694119217,98
3694119217,141
3694119227,104
3694120072,116
3694120072,98
3694120072,141
3694120108,104
3694121000,116
3694121000,98
3694121000,141
3694121009,116
3694121009,98
3694121009,141
3694121020,116
3694121020,98
3694121020,141
3697377459,15
3697377484,104
3697377485,104
3697377487,104
3697377491,104
3697377509,104
3697377662,23
3697377672,23
3697377694,16
3697377725,104
3697377764,14
3697377765,14
3697377766,14
3697377772,22
3694118647,41
3694118691,100
3694118691,96
3694118691,104
3694118692,100
3694118692,96
3694118692,104
3694119277,100
3694119277,96
3694119277,104
3694119282,100
3694119282,96
3694119282,104
3694120114,67
3694120172,100
3694120172,96
3694120172,104
3694121166,137
3697377779,14
3697377783,116
3697377813,15
3697377814,14
3697377815,14
3697377816,14
3697377819,4
3697377820,4
3697377824,25
3697377824,34
3697377824,15
3697377829,3233
3697377830,41
3697377836,14
3697377836,124
3697377836,42
3697377840,44
3697377842,44
3697377843,14
3697377843,124
3697377843,42
3697377852,48
3697377852,49
3697377853,48
3697377853,49
3697377855,43
3697377858,43
3697377859,86
3697377860,27
3697377866,14
3697377867,27
3697377872,47
3697377872,11
3697377875,47
3697377875,11
3697377878,47
3697377878,11
3694114970,18
3694115810,80
3694116678,96
3694120112,96
3694120113,96
3694120296,14
3697377888,137
3697377892,137
3697377900,14
3697377909,100
3697377917,14
3697377919,14
3697377935,112
3697377935,55
3697377935,135
3697377942,4
3697377946,80
3697377956,48
3697377956,51
3697377958,48
3697377958,51
3697377995,133
3697377996,14
3697377997,14
3697378220,3226
3697378240,16
3697378243,14
3697378246,139
3697378248,14
3697378380,7
3697378403,27
3697378420,14
3697378442,42
3697378443,42
3697378445,15
3697378460,42
3697378472,104
3697378473,104
3697378474,96
3697378474,4
3697378475,104
3697378477,104
3697378478,104
3697378479,104
3697378486,14
3697378492,96
3697378492,4
3697378505,14
3697378528,16
3697378717,100
3697378751,14
3697378755,22
3697378756,22
3697378758,22
3697378785,104
3697378788,3215
3697378790,42
3697378790,43
3697378808,14
3697378809,14
3697378819,14
3697378819,124
3697378819,42
3697378826,14
3697378826,124
3697378826,42
3697378829,25
3697378829,116
3697378829,27
3697378836,27
3697378837,14
3697378837,124
3697378837,42
3697378843,14
3697378843,124
3697378843,42
3697378846,27
3697378847,86
3697378850,27
3697378851,43
3697378851,96
3697378856,27
3697378861,27
3697378862,51
3697378874,27
3697378882,43
3697378882,96
3694116681,14
3694117943,106
3694118744,6
3694119237,4
3694120208,6
3694122049,6
3697378892,14
3697378901,14
3697378936,48
3697378936,51
3697378939,48
3697378939,51
3697378971,14
3697378986,31
3697378988,31
3697378992,31
3697379150,3198
3697379196,16
3697379251,16
3697379343,14
3697379347,14
3697379365,15
3697379366,15
3697379379,15
3697379407,104
3697379411,104
3697379418,104
3697379419,104
3697379420,104
3697379450,104
3697379632,1221
3697379652,12
3697379705,49
3697379714,22
3697379715,22
3697379720,4
3697379724,104
3697379727,14
3697379730,104
3697379739,43
3697379741,104
3697379753,28
3697379754,28
3697379766,14
3697379781,14
3697379781,124
3697379781,42
3697379782,14
3697379782,124
3697379782,42
3697379786,14
3697379786,124
3697379786,42
3697379795,48
3697379795,49
3697379800,27
3697379802,86
3697379803,27
3697379804,27
3697379807,27
3690611859,47
3690652915,122
3694115484,28
3694115484,6
3694116794,117
3694117805,143
3694118775,143
3694120227,24
3694120227,96
3694122073,24
3694122073,96
3697379808,27
3697379810,14
3697379812,51
3697379813,27
3697379814,27
3697379817,47
3697379817,11
3697379833,14
3697379833,124
3697379833,42
3694117810,135
3694118793,69
3694120216,135
3697379840,137
3697379844,137
3697379856,14
3697379874,14
3697379876,14
3697379885,112
3697379885,55
3697379885,135
3697379897,48
3697379897,51
3697379921,133
3697379928,14
3697379931,14
3697379933,50
3697379934,50
3697379940,27
3697379955,31
3697379958,31
3697379974,27
3697379981,16
3697380115,7
3697380116,7
3697380162,42
3697380164,15
3697380165,15
3697380169,15
3697380211,104
3697380226,14
3697380227,14
3697380228,104
3697380250,16
3697380484,43
3697380490,22
3697380499,104
3697380502,116
3697380509,104
3697380512,26
3697380520,43
3697380522,3242
3697380523,104
3697380530,104
3697380531,104
3697380541,11
3697380544,4
3697380552,3233
3697380554,25
3697380554,116
3697380554,27
3697380564,44
3697380565,44
3697380566,44
3697380572,27
3697380578,27
3697380581,14
3697380583,43
3697380583,96
3697380586,27
3697380587,47
3697380587,11
3697380591,43
3697380594,27
3697380604,47
3697380633,132
3697380633,68
3697380633,82
3697380634,112
3697380634,55
3697380634,135
3697380703,14
3697380712,27
3697380713,100
3697380729,31
3697380731,31
3697380736,41
3697380739,41
3697380741,14
3690417417,48
3690463255,14
3690464312,32
3690613145,26
3690637337,86
3690811863,92
3690813079,42
3690815771,44
3690830913,27
3690830913,32
3690888827,124
3694115863,56
3694116833,25
3694117844,25
3694117845,25
3694117862,56
3694118809,15
3694118819,25
3694119504,96
3694119504,4
3694119504,6
3694120257,15
3694122107,15
3694122117,25
3697380760,14
3697380768,27
3697380846,135
3697380846,48
3697380846,147
3697380908,86
3697380970,19
3697380977,30
3697381062,14
3697381079,15
3697381099,104
3697381104,68
3697381113,104
3697381114,104
3689398039,14
3690290550,80
3690468614,94
3690671366,88
3697381115,104
3697381117,104
3697381118,104
3697381119,104
3697381123,104
3697381126,104
3697381135,104
3697381142,104
3697381322,23
3697381329,23
3697381361,42
3697381368,14
3697381410,69
3697381410,132
3697381410,82
3697381417,100
3697381420,14
3697381425,36
3697381426,14
3697381430,14
3697381432,96
3697381434,71
3697381435,22
3697381436,22
3697381437,22
3697381439,75
3697381440,22
3697381442,16
3697381445,22
3697381450,116
3697381451,14
3694116875,78
3694117896,78
3694119410,78
3694121250,78
3694121253,78
3697381465,43
3697381466,104
3697381476,104
3697381477,104
3697381490,49
3697381491,14
3697381492,11
3697381494,11
3697381498,11
3697381504,57
3697381505,57
3697381509,14
3697381509,124
3697381509,42
3690604864,43
3690610800,10
3690844336,9
3694115815,43
3694116790,43
3694116804,59
3694117918,43
3694118789,59
3694119330,43
3694119332,43
3694119409,48
3694120229,43
3694120231,43
3694120234,43
3694121168,43
3694121169,43
3694121173,43
3694115832,3
3694116806,3
3694116807,3
3694116814,3
3694116815,3
3694116817,3
3694116841,3
3694117821,3
3694118788,3
3694119351,3
3694119354,3
3694120253,3
3694121190,3
3694121199,43
3694122096,3
3694122101,3
3694122103,3
3690458930,17
3690496660,19
3690601234,47
3690614159,47
3690650655,122
3690671085,96
3690689188,90
3690841300,124
3694117975,11
3694122335,84
3697381511,25
3697381511,116
3697381511,27
3697381513,14
3697381513,124
3697381513,42
3697381514,14
3697381514,124
3697381514,42
3697381516,44
3697381524,43
3697381530,1495
3697381531,86
3697381532,27
3697381540,96
3697381540,6
3697381540,8
3697381541,51
3697381542,48
3697381549,32
3697381552,137
3697381555,137
3697381556,137
3697381580,14
3697381588,14
3697381597,118
3697381628,16
3697381633,48
3697381633,51
3697381638,53
3697381662,96
3697381663,133
3690418699,48
3690464010,91
3694116860,124
3694116860,13
3694116860,14
3694116928,124
3694116928,13
3694116928,14
3694116933,146
3694120489,14
3694121308,146
3697381669,50
3697381690,31
3697381694,41
3697381699,14
3697381711,41
3697381713,14
3697381728,112
3697381728,135
3697381728,25
3697381816,104
3697381920,70
3697381922,4
3697381922,96
3697381922,11
3697381935,30
3697381971,4
3697381990,41
3697382113,68
3697382148,12
3697382149,12
3697382154,14
3697382159,42
3697382203,49
3697382213,22
3697382214,22
3697382227,3191
3697382230,116
3697382244,3242
3697382257,4
3697382257,96
3697382265,14
3697382266,14
3694115960,27
3694117945,27
3694120381,27
3694120439,31
3694121320,27
3694124110,31
3694126099,43
3697382267,14
3697382274,11
3697382280,57
3697382282,3233
3697382291,14
3697382291,124
3697382291,42
3697382293,14
3697382293,124
3697382293,42
3697382299,44
3697382308,48
3697382308,49
3697382309,43
3697382310,14
3697382310,124
3697382310,42
3694118155,42
3694119620,96
3694119622,14
3694119622,13
3694119622,47
3694120300,4
3694120300,99
3694120300,96
3694121236,4
3694121236,99
3694121236,96
3694122140,4
3694122140,99
3694122140,96
3697382312,27
3697382313,86
3697382314,86
3697382315,27
3697382316,1495
3697382319,27
3697382327,51
3697382338,137
3697382340,137
3697382341,137
3697382343,137
3697382344,137
3697382345,137
3697382361,4
3697382365,30
3697382371,14
3697382377,132
3697382377,68
3697382377,82
3697382388,4
3697382408,16
3697382411,59
3697382495,27
3697382531,112
3697382531,135
3697382531,25
3697382576,135
3697382576,48
3697382576,147
3697382656,14
3697382776,96
3697382776,6
3697382776,8
3697382780,96
3697382780,6
3697382780,8
3697382783,96
3697382783,6
3697382783,8
3697382788,56
3697382788,57
3697382792,51
3697382793,96
3697382793,6
3697382793,8
3697382806,14
3697382812,112
3697382819,30
3697382819,31
3697382820,30
3697382820,31
3697382821,47
3697382823,14
3697382823,13
3697382824,104
3697382831,43
3697382831,42
3697382866,111
3697382866,27
3697382866,22
3697382867,111
3697382867,27
3697382867,22
3697382874,31
3697382879,68
3697382880,135
3697382880,114
3697382880,7
3697382904,34
3697382917,16
3690699783,14
3690840360,78
3694114968,27
3694116856,47
3694117691,27
3694117860,43
3694118823,43
3694118826,43
3694118838,43
3694119381,43
3694120280,43
3694120284,43
3694120286,43
3694121228,43
3694121229,43
3694122128,43
3697382919,3224
3697382920,116
3697382921,116
3697382975,3
3697382975,7
3697382977,42
3697382991,86
3697382991,51
3697382991,57
3697382994,14
3697382998,86
3697382998,51
3697382998,57
3697383020,23
3697383038,68
3697383116,14
3697383120,22
3697383131,116
3697383132,116
3697383150,104
3697383156,104
3697383164,14
3697383165,14
3690420325,80
3690420325,49
3690489493,57
3690489493,25
3694115886,75
3694117885,75
3694118848,75
3694118993,144
3694121364,144
3694122141,47
3694122267,7
3694122267,8
3694122267,119
3697383166,14
3697383167,14
3697383168,14
3697383170,14
3697383171,11
3697383176,57
3697383177,25
3697383177,34
3697383177,15
3697383183,14
3697383183,124
3697383183,42
3697383200,27
3697383203,27
3697383204,43
3697383206,27
3697383210,27
3697383212,51
3697383213,51
3697383226,31
3697383232,32
3697383237,14
3697383253,100
3697383255,33
3697383275,48
3697383275,51
3697383276,48
3697383276,51
3697383283,4
3697383288,16
3655683358,96
3694116920,4
3694117939,4
3694117995,112
3694119519,112
3694119536,14
3694120419,112
3694120551,61
3694121303,4
3694121371,112
3694121378,112
3694124019,14
3697383327,31
3697383329,41
3697383339,1
3697383340,27
3697383341,1
3690635702,96
3694120263,44
3694120560,84
3694123046,41
3694123046,43
3694125008,41
3694125008,43
3697383346,69
3697383360,112
3697383360,135
3697383360,25
3697383379,112
3697383379,135
3697383379,25
3697383426,135
3697383426,48
3697383426,147
3697383427,124
3697383427,14
3697383427,17
3697383484,14
3697383554,135
3697383554,57
3697383554,59
3697383568,14
3697383578,41
3697383601,70
3697383621,47
3697383622,96
3697383622,6
3697383622,8
3694124168,96
3697383631,96
3697383631,6
3697383631,8
3697383636,91
3697383636,43
3697383636,96
3697383644,14
3697383646,14
3697383660,30
3697383660,31
3697383663,53
3697383663,138
3697383663,133
3697383672,42
3697383704,31
3697383705,31
3697383708,31
3697383744,34
3697383745,104
3697383756,25
3697383756,23
3697383763,4
3697383764,14
3697383764,42
3697383764,15
3697383765,14
3697383765,104
3694119589,99
3694119589,31
3694119589,26
3694121445,99
3694121445,31
3694121445,26
3694123100,99
3694123100,31
3694123100,26
3694126063,99
3694126063,31
3694126063,26
3697383766,124
3697383770,14
3697383771,116
3697383772,43
3697383772,96
3697383772,6
3697383775,1
3697383775,8
3697383777,26
3697383777,25
3697383777,27
3697383781,43
3697383781,96
3697383781,6
3697383808,1
3697383839,86
3697383839,51
3697383839,57
3697383840,86
3697383840,51
3697383840,57
3697383841,14
3697383842,14
3697383843,14
3690471580,13
3694120480,1285
3694120481,1285
3694120493,1285
3694121393,1285
3694121400,1285
3694121416,1285
3694121425,1285
3694121432,1285
3694121437,1285
3694121441,1285
3694122296,1285
3694122305,1285
3694122312,1285
3694122317,1285
3694122321,1285
3694122328,1285
3694126059,34
3697383845,14
3697383846,14
3697383848,86
3697383848,51
3697383848,57
3697383849,43
3697383849,96
3697383849,6
3697383850,14
3697383853,36
3697383865,51
3697383875,25
3697383875,23
3697383879,112
3697383879,114
3697383879,7
3697383881,112
3697383881,114
3697383881,7
3697383891,3217
3697383897,84
3697383897,6
3697383908,84
3697383908,6
3697383943,41
3697383943,43
3697383943,96
3697383944,41
3697383944,43
3697383944,96
3697383953,55
3697383967,14
3697383967,1999
3697383967,100
3697383968,14
3697383968,1999
3697383968,100
3697383972,27
3697383978,14
3697383998,100
3697384004,100
3697384010,14
3697384019,22
3697384021,22
3697384023,22
3697384028,104
3697384045,42
3697384045,43
3697384059,3242
3697384072,14
3697384075,11
3697384079,11
3697384080,11
3690836590,75
3690885518,124
3697384083,118
3697384083,96
3697384086,57
3697384104,104
3697384109,48
3697384109,49
3697384116,27
3697384117,27
3697384118,27
3697384120,86
3697384121,27
3697384124,43
3697384124,96
3697384129,47
3697384129,11
3697384132,51
3697384133,51
3697384135,14
3697384135,100
3697384135,90
3697384147,137
3697384153,32
3697384169,14
3697384174,14
3697384207,48
3697384207,51
3697384210,48
3697384210,51
3697384239,133
3697384245,14
3697384264,31
3697384268,31
3697384288,1
3697384290,116
3697384292,137
3697384292,104
3697384292,105
3697384298,27
3697384300,27
3697384345,112
3697384345,135
3697384345,25
3697384348,112
3697384348,135
3697384348,25
3697384349,14
3697384386,42
3697384451,55
3697384451,135
3697384451,63
3697384502,30
3697384586,96
3697384586,6
3697384586,8
3697384587,56
3697384587,57
3697384597,86
3697384610,54
3697384612,112
3697384616,19
3697384616,143
3697384616,27
3697384617,43
3697384617,42
3697384618,30
3697384618,31
3697384619,30
3697384619,31
3697384626,42
3697384629,42
3697384632,16
3697384660,111
3697384660,27
3697384660,22
3697384662,31
3697384666,31
3697384671,135
3697384671,114
3697384671,7
3697384680,42
3697384693,54
3697384693,34
3697384694,110
3697384694,93
3697384694,91
3697384718,43
3697384718,96
3697384718,6
3697384719,43
3697384719,96
3697384719,6
3697384722,14
3697384722,42
3697384722,15
3697384723,116
3697384729,26
3697384729,25
3697384729,27
3697384731,116
3697384731,92
3697384731,93
3697384753,14
3697384771,25
3697384771,23
3697384782,14
3697384783,14
3697384785,55
3697384786,86
3697384786,51
3697384786,57
3697384788,86
3697384788,51
3697384788,57
3697384789,86
3697384789,51
3697384789,57
3697384842,84
3697384842,6
3697384856,84
3697384856,6
3697384874,41
3697384874,43
3697384874,96
3697384883,55
3697384891,84
3697384891,6
3697384895,14
3697384895,1999
3697384895,100
3697384896,14
3697384896,1999
3697384896,100
3697384933,34
3697384953,6
3697384955,6
3697384960,41
3697384966,6
3697384982,84
3697384982,6
3697384998,6
3697385001,50
3697385003,14
3697385004,14
3697385014,31
3697385018,41
3697385036,3198
3697385040,41
3697385041,116
3697385118,43
3697385121,49
3697385121,48
3697385121,25
3697385130,10
3697385130,9
3697385133,42
3697385142,31
3697385247,3132
3697385309,41
3697385346,43
3697385346,42
3697385357,96
3697385357,6
3697385357,8
3697385361,96
3697385361,6
3697385361,8
3694107128,115
3694107188,7
3694108105,27
3694123144,96
3694124191,6
3697385379,14
3697385395,104
3697385397,104
3697385406,42
3697385411,27
3697385425,54
3697385438,54
3697385445,31
3697385457,96
3697385461,49
3697385481,54
3697385481,34
3697385506,96
3697385508,14
3697385513,116
3697385517,147
3697385522,26
3697385522,25
3697385522,27
3697385523,43
3697385523,96
3697385523,6
3697385537,27
3697385550,1
3697385551,1
3697385568,25
3697385568,23
3697385573,25
3697385573,23
3697385579,86
3697385579,51
3697385579,57
3697385581,14
3697385584,14
3697385586,86
3697385586,51
3697385586,57
3697385590,14
3697385593,27
3697385595,36
3697385597,28
3697385602,27
3697385633,84
3697385633,6
3697385634,84
3697385634,6
3697385635,14
3697385636,84
3697385636,6
3697385637,1810
3697385638,84
3697385638,6
3697385648,1810
3697385663,27
3697385693,48
3697385723,44
3697385724,14
3697385727,84
3697385727,6
3697385764,14
3697385770,14
3697385786,48
3697385788,6
3697385921,6
3697385933,4
3697385933,96
3697385942,84
3697385942,6
3697385960,84
3697385960,6
3697385972,6
3697385977,75
3697386007,1
3697386010,14
3697386011,14
3697386012,69
3697386015,69
3697386041,27
3697386053,112
3697386053,135
3697386053,25
3697386061,112
3697386061,135
3697386061,25
3697386073,14
3697386095,49
3697386095,48
3697386095,25
3694123239,124
3694126132,43
3697386115,25
3697386161,55
3697386161,135
3697386161,63
3697386173,14
3697386298,41
3697386337,17
3697386341,96
3697386341,6
3697386341,8
3697386365,14
3697386367,68
3697386370,43
3697386370,42
3697386376,54
3697386383,104
3697386397,141
3697386410,54
3697386421,31
3697386427,135
3697386427,114
3697386427,7
3697386447,118
3697386454,110
3697386454,92
3697386454,93
3697386465,43
3697386468,27
3697386480,43
3697386480,96
3697386480,6
3697386483,116
3697386485,43
3697386485,96
3697386485,6
3697386497,100
3697386498,25
3697386498,27
3697386498,20
3697386516,42
3697386529,14
3697386547,86
3697386547,51
3697386547,57
3697386548,86
3697386548,51
3697386548,57
3697386549,86
3697386549,51
3697386549,57
3697386552,14
3697386554,14
3697386555,14
3697386556,14
3697386562,86
3697386562,51
3697386562,57
3697386566,36
3697386591,25
3697386591,23
3697386605,16
3697386606,84
3697386606,6
3697386607,84
3697386607,6
3697386618,84
3697386618,6
3697386655,34
3697386655,23
3697386655,25
3697386662,48
3697386692,41
3697386744,6
3697386756,6
3697386790,28
3697386803,146
3697386870,4
3697386870,96
3697386884,57
3697386884,59
3697386898,14
3697386902,14
3697386905,11
3697386913,6
3697386914,6
3697386941,6
3697386957,8
3697387030,112
3697387030,135
3697387030,25
3697387050,43
3697387067,25
3697387079,25
3697387109,11
3697387109,27
3697387109,25
3697387114,86
3697387145,31
3697387152,14
3697387214,43
3697387214,42
3697387232,96
3697387232,6
3697387232,8
3697387245,14
3697387250,14
3697387251,14
3697387259,68
3697387272,30
3697387272,31
3697387273,47
3697387274,43
3697387274,42
3697387276,14
3697387276,13
3697387297,86
3697387311,54
3697387323,31
3697387324,31
3697387337,68
3697387378,27
3697387397,116
3697387398,116
3697387400,116
3690460845,69
3690627674,44
3690870383,44
3690875253,44
3694116818,14
3694122548,122
3697387403,1
3697387403,8
3697387408,26
3697387408,25
3697387408,27
3697387409,43
3697387410,43
3697387411,43
3697387411,96
3697387411,6
3697387419,9
3697387428,96
3697387428,84
3697387428,70
3697387461,86
3697387461,51
3697387461,57
3697387462,86
3697387462,51
3697387462,57
3697387464,14
3697387466,14
3690494629,47
3697387467,14
3697387473,36
3697387477,20
3697387477,27
3697387477,96
3697387485,27
3697387499,84
3697387499,6
3697387500,84
3697387500,6
3697387501,84
3697387501,6
3697387505,84
3697387505,6
3697387506,84
3697387506,6
3697387546,41
3697387546,43
3697387546,96
3697387549,41
3697387549,43
3697387549,96
3697387563,14
3697387563,1999
3697387563,100
3697387596,25
3697387596,23
3697387658,6
3697387727,14
3697387764,4
3690470734,43
3690808251,99
3690841515,4
3694121579,100
3694122448,41
3694123225,100
3694124190,41
3694124223,100
3694126199,100
3697387787,57
3697387787,59
3697387794,27
3697387836,6
3697387896,6
3697387900,48
3697387908,6
3697387937,96
3697387939,96
3697387940,96
3697387961,96
3697387963,96
3697387964,96
3697387969,27
3697387971,27
3697387974,27
3697387977,27
3697387982,68
3697388003,14
3697388016,41
3697388017,41
3697388018,41
3697388050,96
3697388050,6
3697388050,8
3697388054,96
3697388054,6
3697388054,8
3697388060,96
3697388060,6
3697388060,8
3690622639,100
3694119723,1
3694121565,1
3694122465,1
3694122468,1
3694122482,1
3694123202,1
3694123204,1
3694123205,1
3694123207,1
3694124204,1
3694125172,1
3694125173,1
3694126194,31
3697388068,53
3697388068,70
3697388068,92
3697388069,53
3697388069,70
3697388069,92
3697388075,14
3690882678,31
3694121562,52
3697388076,14
3697388084,4
3697388084,96
3697388084,11
3697388102,30
3697388102,31
3697388108,30
3697388108,31
3697388155,31
3697388161,31
3697388194,118
3697388203,14
3697388208,96
3697388209,96
3697388211,14
3697388211,42
3697388211,15
3697388212,14
3697388212,42
3697388212,15
3697388217,116
3697388218,116
3697388219,116
3697388224,43
3697388227,25
3697388227,23
3697388229,43
3697388231,43
3697388232,26
3697388232,25
3697388232,27
3697388234,25
3697388234,27
3697388234,20
3697388235,25
3697388235,27
3697388235,20
3697388239,27
3697388296,86
3697388296,51
3697388296,57
3697388297,86
3697388297,51
3697388297,57
3697388298,86
3697388298,51
3697388298,57
3697388299,86
3697388299,51
3697388299,57
3697388303,14
3697388304,14
3697388308,41
3697388308,43
3697388313,4
3697388314,36
3697388315,36
3697388348,3217
3697388357,84
3697388357,6
3697388358,84
3697388358,6
3697388362,84
3697388362,6
3697388363,84
3697388363,6
3697388365,84
3697388365,6
3697388367,1810
3697388372,84
3697388372,6
3697388374,84
3697388374,6
3697388415,84
3697388415,6
3697388459,91
3697388463,48
3697388464,48
3697388465,48
3697388482,6
3697388491,6
3697388494,14
3697388511,6
3697388540,43
3697388540,41
3697388540,96
3697388576,80
3697388576,25
3697388576,27
3697388646,6
3697388674,27
3697388675,27
3697388698,6
3697388699,75
3697388713,6
3697388714,48
3697388717,43
3697388717,96
3697388717,6
3697388760,14
3697388794,96
3697388802,6
3697388822,96
3697388836,96
3697388837,96
3697388839,27
3697388839,19
3697388851,96
3697388852,96
3697388855,27
3697388858,27
3697388859,27
3697388860,27
3697388863,27
3697388875,27
3697388889,27
3697388889,19
3697388897,25
3697388897,23
3697388899,27
3697388899,19
3697388910,14
3697388930,6
3697388941,57
2148434014,14
2148434014,17
2148434014,15
2148434019,14
2148434019,17
2148434019,15
3694120614,4
3694120614,96
3694120614,6
3694121593,4
3694121593,96
3694121593,6
3694122503,4
3694122503,96
3694122503,6
3694124238,4
3694124238,96
3694124238,6
3697388953,76
3697388985,19
3697388988,116
3697389030,43
3697389030,42
3697389031,96
3697389031,6
3697389031,8
3697389032,96
3697389032,6
3697389032,8
3697389036,56
3697389036,57
3697389057,14
3697389083,42
3697389108,111
3697389108,27
3697389108,22
3697389110,31
3697389113,31
3697389135,34
3697389157,43
3697389157,42
3697389161,16
3697389164,116
3697389165,4
3697389167,25
3697389167,23
3697389168,43
3697389168,96
3697389168,6
3697389170,43
3697389174,26
3697389174,25
3697389174,27
3697389176,43
3697389176,96
3697389176,6
3697389179,25
3697389179,23
3697389186,25
3697389186,27
3697389186,20
3697389235,86
3697389235,51
3697389235,57
3697389236,28
3697389237,86
3697389237,51
3697389237,57
3697389238,14
3697389248,36
3697389271,112
3697389271,114
3697389271,7
3697389282,16
3697389286,1810
3697389290,84
3697389290,6
3697389320,41
3697389320,43
3697389320,96
3697389332,84
3697389332,6
3697389334,84
3697389334,6
3697389336,14
3697389336,1999
3697389336,100
3697389391,116
3697389393,6
3697389409,41
3697389419,6
3697389435,48
3697389461,43
3697389461,41
3697389461,96
3697389483,28
3697389496,84
3697389496,6
3690865969,48
3694119770,24
3694119811,24
3694120638,24
3694120646,24
3694120650,24
3694123256,24
3694123257,24
3694123258,24
3694124250,24
3694124251,24
3694124269,24
3694125214,24
3694125221,24
3694125223,24
3694126217,24
3697389532,80
3697389532,25
3697389532,27
3697389579,4
3697389579,96
3697389603,68
3697389603,100
3697389603,90
3697389608,6
3697389618,6
3697389650,48
3697389725,6
3697389747,27
3697389747,19
3697389750,96
3697389752,27
3697389752,19
3697389764,4
3697389791,27
3697389793,6
3697389794,6
3697389867,53
3697389872,12
3697389891,27
3697389891,19
3697389925,1497
2148434032,27
2148434033,47
2148434033,43
3694121529,126
3697389931,12
3697389963,53
3697389983,17
3697389986,17
3697390033,84
3697390033,6
3697390035,14
3697390043,84
3697390043,6
3697390048,1810
3697390075,27
3697390143,6
3697390201,14
3697390203,6
3697390312,16
3697390325,4
3697390325,96
3697390331,68
3697390332,27
3697390333,27
3697390334,27
3697390341,25
3697390348,121
3697390350,43
3697390350,96
3697390350,6
3697390351,43
3697390351,96
3697390351,6
3697390382,89
3697390413,3233
3697390417,8
3697390465,14
3697390465,17
3697390465,15
3697390469,1
3697390470,48
3697390521,27
3697390521,19
3697390527,96
3697390530,96
3697390531,96
3697390543,96
3697390548,27
3697390556,27
3697390559,27
3697390563,6
3697390565,6
3697390579,116
3697390594,41
3697390650,27
3697390650,19
3697390668,27
3697390677,96
3697390677,8
3697390677,6
3697390699,12
3697390708,8
3697390729,14
3697390746,3226
3697390751,3226
3694132744,125
3694132744,25
3697390752,3226
3697390770,147
3697390812,3
3697390812,112
3697390812,7
3697390841,43
3697390841,42
3697390841,91
3697390842,43
3697390842,42
3697390842,91
3697390844,43
3697390844,42
3697390844,91
3697390928,14
3697391007,48
3697391011,14
3697391020,6
3697391027,6
3697391051,84
3697391051,6
3697391067,6
3697391080,6
3697391083,6
3697391130,75
3697391168,6
3697391174,48
3697391234,27
3697391280,6
3697391281,6
3697391284,43
3697391284,96
3697391284,6
3697391285,43
3697391285,96
3697391285,6
3697391353,59
3697391364,6
3697391384,6
3697391404,19
3697391405,96
3697391411,96
3697391417,96
3697391418,96
3697391419,96
3694110870,1
3694110876,1
3697391423,96
3697391430,96
3697391434,96
3697391435,27
3697391437,27
3697391446,27
3697391450,27
3697391462,59
3697391522,116
3697391523,139
3697391535,27
3697391566,27
3697391566,19
3697391570,6
3697391587,4
3697391603,24
3697391604,12
3697391606,12
3697391627,116
3697391659,12
3697391673,48
3697391673,51
3697391673,75
3697391674,6
3697391675,6
3697391691,147
3697391693,27
3697391693,19
3697391710,3
3697391710,112
3697391710,7
3697391715,48
3697391728,41
3697391734,4
3697391736,43
3697391736,42
3697391736,91
3697391741,43
3697391741,42
3697391741,91
3697391750,43
3697391750,42
3697391750,91
3697391764,96
3697391764,4
3697391809,141
3697391987,44
3697391988,44
3697391989,44
3697391994,44
3697392047,80
3697392047,25
3697392047,27
3697392056,6
3697392064,80
3697392064,25
3697392064,27
3697392108,25
3697392137,96
3697392139,84
3697392139,6
3697392144,25
3697392179,6
3697392189,6
3697392217,29
3697392229,6
3697392230,6
3694116840,43
3694116840,27
3694117384,43
3694117384,27
3694121226,43
3694121226,27
3694126974,19
3697392236,14
3697392236,17
3697392236,15
3697392242,6
3697392244,14
3697392269,27
3697392269,19
3697392294,96
3697392309,27
3697392328,68
3697392330,27
3697392331,27
3697392357,25
3697392364,68
3697392368,27
3697392404,12
3690466064,12
3694110146,77
3694129402,88
3694132107,88
3694133031,88
3694138169,6
3697392415,14
3697392438,25
3697392449,25
3697392449,23
3697392456,25
3697392459,6
3697392470,12
3697392486,12
3697392497,53
3697392534,25
3697392537,147
3697392552,48
3690840799,43
3697392554,48
3697392555,48
3697392577,147
3697392585,56
3697392595,3
3697392595,112
3697392595,7
3697392597,3
3697392597,112
3697392597,7
3697392601,3
3697392601,112
3697392601,7
3697392602,3
3697392602,112
3697392602,7
3697392603,3
3697392603,112
3697392603,7
3697392606,48
3697392610,68
3697392629,96
3697392636,43
3697392636,42
3697392636,91
3697392641,43
3697392641,42
3697392641,91
3697392644,43
3697392644,42
3697392644,91
3697392646,43
3697392646,42
3697392646,91
3697392647,43
3697392647,42
3697392647,91
3697392655,70
3697392662,96
3697392662,4
3697392730,14
3697392731,14
3697392834,147
3697392835,112
3697392933,86
3697392936,42
3697392939,17
3697392959,17
3697393042,25
3697393060,14
3697393060,17
3697393060,15
3697393082,6
3697393107,96
3697393109,96
3697393124,96
3697393125,96
3697393129,96
3697393144,27
3697393147,27
3697393189,68
3697393212,27
3697393216,76
3697393226,14
3697393244,12
3697393257,25
3697393275,12
3697393276,12
3697393291,12
3697393333,3226
3697393338,147
3697393352,6
3697393392,3
3697393392,112
3697393392,7
3694132537,104
3697393396,147
3697393411,96
3697393414,43
3697393414,42
3697393414,91
3697393421,96
3697393427,97
3697393427,11
3697393455,27
3697393532,14
3697393533,14
3697393556,49
3697393563,6
3697393567,11
3697393644,51
3697393658,44
3697393659,44
3697393660,44
3697393716,17
3690871224,49
3690871224,48
3697393817,100
3697393852,104
3697393859,8
3697393864,8
3697393880,27
3697393893,49
3697393913,41
3697393933,27
3697393988,48
3697394012,48
3697394017,116
3697394019,1
3697394037,6
3697394059,96
3697394066,96
3697394067,96
3690661006,1
3694133552,94
3694136096,14
3697394084,27
3697394088,27
3697394090,27
3697394144,41
3697394145,6
3697394147,31
3697394156,27
3697394163,27
3697394168,116
3697394181,68
3697394213,116
3697394237,8
3697394243,116
3697394252,14
2148434427,6
3697394279,48
3697394283,14
3697394332,14
3697394332,139
3697394332,100
3697394342,3
3697394342,112
3697394342,7
3697394348,25
3697394355,25
3697394364,43
3697394364,42
3697394364,91
3697394369,43
3697394369,42
3697394369,91
3697394371,43
3697394371,42
3697394371,91
3697394373,43
3697394373,42
3697394373,91
3697394380,43
3697394380,42
3697394380,91
3697394381,70
3697394387,96
3697394387,4
3697394390,96
3697394390,4
3697394393,70
3697394395,96
3697394395,4
3694132734,92
3694135230,92
3694136117,92
3697394409,92
3697394467,14
3697394468,14
3697394479,6
3697394484,118
3697394484,4
3697394484,96
3697394553,11
3697394562,112
3697394609,44
3697394706,47
3697394707,3221
3697394713,47
3697394746,14
3697394811,8
3697394817,8
3694130991,92
3694131711,92
3694136116,92
3697394852,91
3697394858,92
3697394872,27
3697394881,53
3697394901,14
3697394906,57
3697394916,104
3697394930,48
3697394936,48
3697394950,23
3697394950,34
3697394950,25
3697395040,76
3697395042,76
3697395073,96
3697395073,8
3697395073,6
3697395087,6
3697395111,12
3697395117,6
3697395126,24
3697395130,8
3697395165,3226
3697395167,17
3697395171,26
3697395173,147
3697395196,48
3697395208,6
3697395211,48
3697395211,51
3697395211,75
3697395239,3
3697395239,112
3697395239,7
3697395244,48
3697395276,43
3697395276,42
3697395276,91
3697395283,43
3697395283,42
3697395283,91
3697395285,43
3697395285,42
3697395285,91
3697395289,27
3697395289,19
3694135624,48
3697395314,28
3697395366,11
3697395373,14
3697395461,54
3697395471,3226
3697395538,44
3697395540,44
3697395576,42
3697395589,135
3697395678,14
3697395684,12
3697395702,17
3697395736,8
3697395737,8
3697395744,8
3697395745,8
3697395753,104
3697395789,92
3697395793,41
3697395809,41
3697395824,41
3697395832,14
3697395834,104
3697395852,49
3697395900,4
3697395918,14
3697395967,27
3697395968,50
3697395968,51
3697395968,48
3697395971,27
3697395984,50
3697395984,51
3697395984,48
3697396001,116
3697396006,68
3697396006,100
3697396006,90
3697396022,12
3697396027,12
3697396043,27
3697396043,19
3697396081,27
3697396084,27
3697396106,148
3697396106,80
3697396138,3
3697396138,112
3697396138,7
3697396145,27
3697396145,19
3697396164,48
3697396168,96
3697396174,43
3697396174,42
3697396174,91
3697396179,43
3697396179,42
3697396179,91
3697396182,43
3697396182,42
3697396182,91
3697396188,27
3697396203,96
3697396203,4
3697396316,11
3697396329,383
3697396397,44
2148434077,14
3697396406,44
3697396408,44
3697396447,86
3697396475,135
3697396479,135
3697396525,42
3697396556,17
3697396559,109
3697396561,14
3697396590,47
3697396683,96
3697396683,4
3697396691,27
3697396736,41
3697396753,14
3697396754,14
3697396786,50
3697396786,51
3697396786,48
3694135640,104
3697396796,104
3697396851,96
3697396885,27
3697396930,27
3697396931,27
3697396933,27
3697396939,96
3697396940,96
3697396942,96
3697396943,96
3697396947,96
3697397003,147
3697397045,4
3697397080,43
3697397080,42
3697397080,91
3697397086,43
3697397086,42
3697397086,91
3697397099,96
3697397099,4
3697397139,112
3697397160,14
3697397232,118
3697397232,4
3697397232,96
3697397289,14
3697397314,44
3697397356,42
3697397386,135
3697397424,47
3697397443,12
3697397451,14
3697397452,12
3697397466,47
3697397501,147
3697397509,27
3697397509,20
3697397509,25
3697397521,27
3697397523,8
3697397563,6
2148434586,44
3690492617,48
3690838132,43
3694138434,33
3697397627,14
3697397629,57
3697397632,14
3697397633,104
3697397640,104
3697397705,50
3697397705,51
3697397705,48
3697397755,27
3697397763,27
3697397795,54
3697397797,27
3697397798,27
3697397810,96
3697397811,96
2148434616,53
2148434616,144
2148434616,59
3694137445,68
3697397836,43
3697397836,45
3697397836,46
3697397842,14
3697397843,14
3697397844,14
3697397846,14
3697398042,112
3697398125,135
3697398176,47
3697398179,47
3697398185,3221
3697398209,6
3697398212,14
3697398213,17
3697398277,8
3697398286,104
3697398335,15
3697398346,147
3697398346,135
3697398346,55
3697398355,147
3697398362,124
3697398404,57
3697398440,104
3697398522,91
3697398525,91
3697398530,27
3697398549,9
3697398557,27
3697398559,14
3697398564,27
3697398571,27
3697398573,27
3697398595,47
3697398600,14
3697398613,49
3697398616,96
3697398617,96
3697398619,96
3697398621,96
3697398622,96
3697398639,14
3697398643,14
3697399036,42
3697399066,135
3697399116,68
3697399126,3221
3697399128,47
3697399129,12
3697399160,14
3697399167,47
3697399178,14
3690836861,100
3694136582,96
3697399210,27
3697399215,27
3697399215,20
3697399215,25
3697399225,6
3697399228,47
3697399229,8
3697399287,41
3697399291,96
3697399291,4
3697399292,15
3697399329,57
3697399396,27
3697399507,27
3697399512,27
3697399519,96
3697399521,96
3690665864,59
3697399524,96
3697399528,96
3697399550,43
3697399550,45
3697399550,46
3697399551,14
3698000049,47
3698000051,14
3698000075,27
3698000075,20
3698000075,25
3698000076,27
3698000076,20
3698000076,25
3698000079,14
3698000101,27
3698000106,8
3698000136,12
3698000136,15
3698000140,6
3698000148,14
3698000148,13
3698000148,124
3698000150,96
3698000150,4
3698000182,41
3698000197,14
3698000211,47
3698000229,23
3698000229,34
3698000229,25
3698000230,23
3698000230,34
3698000230,25
3698000325,30
3698000325,31
3698000329,27
3698000355,27
3698000361,54
3698000367,27
3698000374,96
3698000378,96
3698000379,96
3698000383,96
3698000384,96
3698000409,14
3698000411,14
3698000677,92
3698001055,27
3698001068,116
3698001090,104
3698001108,27
3698001116,30
3698001116,31
3698001131,27
3698001158,27
3698001163,27
3698001167,96
3698001169,96
3698001172,96
3698001174,96
3698001178,96
3698001200,47
3698001210,14
3698002011,91
3698002060,27
3694136602,68
3694141048,51
3698002063,50
3698002063,51
3698002063,48
3698002085,27
3698002088,27
3698002094,96
3698002100,96
3698002121,14
3698002123,14
3698002124,14
3698003009,27
3698003010,27
3698003011,27
3698003012,27
3698003023,96
3698003024,96
3698003025,96
3698003026,96
3698003029,96
3698003030,96
3698003052,43
3698003052,45
3698003052,46
3698003055,14
3698003058,14
3698003059,14
3698003060,14
3699040883,96
3699041751,80
3699044621,97
3699046289,4
3699047142,104
3699047159,96
3699048065,104
3699050769,68
3699050801,32
3699050802,32
3699050878,53
3699050878,144
3699050878,59
3699050879,53
3699050879,144
3699050879,59
3699050880,53
3699050880,144
3699050880,59
3699050895,12
3699050895,15
3699050905,14
3699050906,14
3699050907,12
3699050907,15
3699050908,4
3699050908,14
3699050960,113
3699050972,96
3699050972,118
3699050972,4
3699051763,68
3699051794,32
3699051880,53
3699051880,144
3699051880,59
3699051892,12
3699051892,15
3699051903,14
3694135747,48
3699051905,14
3699051907,14
3699051909,12
3699051909,15
3699051910,12
3699051910,15
3699051911,12
3699051911,15
3699052778,53
3699052778,144
3699052778,59
3699052814,32
3699052892,53
3699052892,144
3699052892,59
3699052900,12
3699052900,15
3699052921,14
3699052922,14
3699052923,14
3699052927,14
3699052941,1
3699052962,14
3699052990,144
3699052993,112
3699053670,32
3699053672,32
3699053711,4
3699053718,1
3699053776,14
3699053778,14
3699053779,14
3699053783,14
3699053789,23
3699053789,34
3699053789,25
3699053790,53
3699053790,116
3699053790,92
3699053809,53
3699053809,116
3699053809,92
3699053812,53
3699053812,116
3699053812,92
3699053833,113
3699053873,32
3699053892,4
3699053904,118
3699053928,4
3699053936,147
3699053936,135
3699053936,25
3699053953,96
3699053957,43
3699053958,41
3699053978,14
3699053979,14
3699053997,4
3699053997,14
3699054532,68
3699054533,68
3699054570,32
3699054572,32
3699054638,53
3699054638,144
3699054638,59
3699054639,53
3699054639,144
3699054639,59
3699054653,53
3699054653,116
3699054653,92
3699054654,53
3699054654,116
3699054654,92
3699054655,14
2148434137,96
2148434137,4
2148434686,96
3694139294,41
3699054656,14
3699054661,14
3699054662,14
3699054664,14
3699054666,4
3699054666,14
3699054696,14
3699054712,14
3699054767,32
3699054769,32
3699054777,24
3699054777,7
3699054777,119
3699054814,96
3699054831,4
3699054833,4
3699054841,14
3699054847,44
3699054883,14
3699054895,44
3699054900,104
3699054900,17
3699054900,15
3699054910,8
3699054911,14
3699054911,42
3699054911,124
3699054915,96
3699054931,44
3699054938,9
3699054938,10
3699054941,96
3699054948,48
3699054949,41
3699054955,80
3699054955,6
3699054969,51
3699054969,48
3699054969,11
3699054996,96
3699054997,50
3699055418,47
3699055436,32
3699055438,32
3699055439,32
3699055440,32
3699055517,53
3699055517,144
3699055517,59
3699055530,1
3699055543,14
3699055546,14
3699055557,53
3699055557,116
3699055557,92
3699055558,53
3699055558,116
3699055558,92
3699055654,32
3699055655,32
3699055656,32
3699055659,32
3699055660,32
3699055661,32
3699055683,4
3699055703,96
3699055704,96
3699055708,4
3699055716,4
3699055733,41
3699055737,11
3699055737,96
3699055737,84
3699055750,44
3699055756,118
3699055756,5
3699055756,96
3699055799,44
3699055809,14
3699055809,42
3699055809,124
3699055811,44
3699055821,144
3699055830,104
3699055832,43
3699055835,44
3699055837,44
3699055843,104
3699055863,104
3699055886,124
3699055896,84
3699055899,32
3699055900,32
3699055930,34
3699055930,23
3699055930,63
3699055943,32
3699055946,42
3699055946,11
3699055948,14
3699055956,14
3699055957,14
3699055957,116
3699055957,17
3699055961,9
3699055966,42
3699055971,42
3699055971,11
3699055995,43
3699056305,68
3699056350,32
3699056428,14
3699056448,12
3699056448,15
3699056458,53
3699056458,116
3699056458,92
3699056459,53
3699056459,116
3699056459,92
3699056462,14
3699056467,14
3699056468,14
3699056502,53
3699056502,116
3699056502,92
3699056505,12
3699056512,53
3699056512,116
3699056512,92
3699056531,42
3699056580,32
3699056615,4
3699056626,4
3699056641,4
3699056643,4
3699056650,104
3699056664,44
3699056670,44
3699056678,96
3699056686,41
3699056695,1
3699056701,19
3699056701,27
3699056701,143
3699056709,96
3699056729,14
3699056729,42
3699056729,124
3699056738,42
3699056742,42
3699056750,44
3699056789,112
3699056795,96
3699056816,32
3699056825,34
3699056825,117
3699056839,19
3699056839,25
3699056839,27
3699056851,4
3699056861,104
3699056865,14
3699056865,116
3699056865,17
3699056870,96
3699056875,42
3699056883,42
3699056883,11
3699056886,14
3699056886,116
3699056886,17
3699056913,14
3699056918,59
3699056918,43
3699056918,112
3699056921,53
3699056923,75
3699056930,75
3699056931,4
3699056933,75
3699056934,14
3699056934,116
3699056934,17
3699056951,96
3699056964,37
3699056966,6
2148434265,104
3694138574,50
3699056999,50
3699056999,99
3699057129,32
3699057131,32
3699057134,32
3699057188,32
3699057233,14
3699057237,14
3699057238,14
3699057239,14
3699057240,14
3699057241,14
3699057243,14
3699057244,14
3699057245,14
3699057255,1
3699057271,12
3699057347,32
3699057348,32
3699057355,51
3699057355,86
3699057355,59
3699057367,4
3699057370,4
3699057371,4
3699057398,4
3699057402,4
3699057409,14
3699057412,4
3699057417,4
3699057418,4
3699057419,104
3699057428,44
3699057443,44
3699057452,1
3699057463,3231
3699057481,44
3699057494,61
3699057498,14
3699057498,42
3699057498,124
3699057501,44
3699057509,96
3699057511,44
3699057540,4
3699057565,75
3699057579,43
3699057583,17
3699057602,99
3699057602,50
3699057608,45
3699057608,128
3699057609,96
3699057610,96
3699057613,19
3699057613,25
3699057613,27
3699057624,42
3699057624,11
2148434647,32
3699057628,42
3699057628,11
3699057633,42
3699057633,11
3699057638,42
3699057638,11
3699057640,14
3699057640,116
3699057640,17
3699057642,14
3699057642,116
3699057642,17
3699057650,98
3699057657,42
3699057657,11
3699057660,14
3699057660,116
3699057660,17
3699057675,52
3699057684,17
3699057685,17
3699057694,43
3699057697,75
3699057704,11
3699057706,75
3699057778,98
3699057781,19
3699057781,143
3699057781,27
3699057782,43
3699057784,43
3699057849,104
3699057855,86
3699057855,122
3699057855,48
3699057886,96
3699057889,96
3699057919,15
3699057919,147
3699057919,146
3699058043,32
3699058044,32
3699058045,32
3699058046,32
3699058080,4
3699058083,4
3699058088,96
3699058091,4
3699058094,4
3694135801,144
3694135813,124
3699058095,14
3699058135,14
3699058137,14
3699058158,44
3699058170,42
3699058178,42
3699058194,44
3699058195,44
3699058196,42
3699058244,27
3699058265,4
3699058266,103
3699058268,32
3699058269,32
3699058270,32
3699058287,112
3699058296,48
3699058305,96
3699058307,96
3699058317,42
3699058317,11
3699058320,50
3699058330,14
3699058330,116
3699058330,17
3699058338,840
3699058357,24
3699058357,112
3699058357,119
3699058364,43
3699058369,52
3699058373,112
3699058373,94
3699058373,4
3699058376,96
3699058378,50
3699058380,42
3699058403,14
3699058403,116
3699058403,17
3699058406,75
2148434725,70
2148434725,12
2148434725,14
2148434726,70
2148434726,12
2148434726,14
3694136714,48
3694136714,94
3694136714,96
3694139282,48
3699058426,96
3699058445,96
3699058510,118
3699058510,6
3699058510,5
3699058541,43
3699058541,44
3699058570,110
3699058638,135
3699059018,32
3699059019,32
3699059056,96
3699059074,96
3699059075,4
3699059079,4
3699059082,4
3694135861,104
3699059097,4
3699059102,44
3699059117,44
3699059124,104
3699059166,17
3699059170,126
3699059176,44
3699059182,48
3699059188,42
3699059194,43
3699059205,44
3699059206,44
3699059208,44
3699059221,34
3699059255,43
3699059272,96
3699059275,97
3699059281,96
3699059291,112
3699059291,7
3699059297,104
3699059299,48
3699059299,145
3699059299,49
3699059301,19
3699059301,25
3699059301,27
3699059309,86
3699059311,4
3699059327,9
3699059331,18
3699059332,42
3699059332,11
3699059341,42
3699059345,104
3699059367,42
3699059367,11
3699059369,117
3699059369,146
3699059379,14
3699059379,116
3699059379,17
3699059380,1
3699059383,17
3699059384,14
3699059394,6
3699059400,75
3699059413,96
3699059415,96
3699059418,96
3699059454,96
3699059479,43
3699059522,47
3699059579,12
3699059579,15
3699059632,94
3699059632,23
3699059632,31
3699059644,96
3699059656,56
3699059663,50
3699059663,51
3699060007,32
3699060028,4
3699060033,4
3699060035,4
3699060044,98
3699060052,4
3699060067,4
3699060071,4
3699060076,4
3699060082,12
3699060082,15
3699060082,17
3699060083,30
3699060083,40
3699060083,91
3699060088,96
3699060101,96
3699060136,104
3699060145,96
3699060147,44
3699060150,44
3699060153,42
3699060164,43
3694137594,138
3694138652,96
3699060166,44
3699060168,44
3699060190,96
3699060211,141
3699060211,11
3699060211,46
3699060218,9
3699060220,9
3699060221,32
3699060223,31
3699060234,128
3699060234,44
3699060247,96
3699060299,96
3699060316,75
3699060323,50
3699060343,104
3699060375,80
3699060383,15
3699060383,12
3699060412,37
3699060413,96
3699060414,135
3699060416,98
3699060428,23
3699060500,53
3699060500,112
3699060500,116
3699061004,19
3699061010,14
3699061010,42
3699061010,124
3699061012,44
3699061022,42
3699061031,42
3699061033,96
3699061036,44
3699061038,44
3699061072,51
3699061072,48
3699061072,11
3699061078,27
3699061110,41
3699061110,45
3699061110,43
3699061115,9
3699061125,43
3699061155,96
3699061172,42
3699061172,11
3699061176,18
3699061178,14
3699061178,116
3699061178,17
3699061185,96
3699061185,14
3699061190,42
3699061191,96
3699061226,96
3699061226,14
3699061242,14
3699061256,96
3699061258,14
3699061258,116
3699061258,17
3699061268,36
3699061268,100
3699061268,28
3699061276,42
3699061296,96
3699061320,42
3699061320,38
3699061320,14
3699061333,43
3699061493,104
3699062002,32
3699062003,32
3699062004,32
3699062011,43
3699062012,43
3699062038,19
3699062038,25
3699062038,27
3699062039,96
3699062040,96
3699062042,96
3699062052,42
3699062052,11
3699062061,122
2649106600,4
2649106600,6
2649106600,28
3699062070,14
3699062070,116
3699062070,17
3699062107,34
3699062107,142
3699062107,27
3699062109,43
3699062114,57
3699062141,75
3699062148,50
3699062151,75
3699062159,36
3699062159,100
3699062159,28
3699062167,143
3699062179,14
3699062179,15
3699062214,147
3699062216,43
3699062338,9
3699062338,43
3699062338,46
3699062358,15
3699062358,93
3699062358,146
3699062432,48
3699063002,14
3699063002,116
3699063002,17
3699063014,14
3699063015,104
3699063038,84
3699063042,36
3699063042,100
3699063042,28
3699063054,41
3699063054,43
3699063059,139
3699063102,116
3699063102,92
3699063115,43
3699063164,104
3699063171,128
3699063171,44
3699063210,96
3699063210,14
3699063210,17
3699063216,112
3699063242,96
3699063254,96
3699063257,9
3699063270,23
3699063300,104
3699064017,36
3699064017,100
3699064017,28
3699064035,11
3699064037,43
3699064087,51
3699064087,48
3699064489,15
3699064489,12
3699064489,17
3699066624,92
3699066867,41
3699066907,86
3699067904,86
3699067912,86
3699068764,14
3699069227,25
3699070544,14
3699070580,41
3676480207,25
3694135935,15
3694135935,70
3694135935,12
3694136835,96
3694138581,19
3694138756,7
3694138802,48
3694138802,94
3694138802,51
3694139469,7
3694139469,112
3694140447,96
3694141360,48
3694141360,94
3694141360,51
3694142328,46
3694142333,96
3694142333,80
3694142349,7
3694142349,112
3699070645,86
3699070652,27
3699070813,25
3699071649,86
3699071800,86
3699071835,70
3699071946,4
3699071946,96
3699071946,11
3699072413,41
3699073101,42
3699073157,14
3699073159,14
3699073263,14
3699073278,32
3699073515,112
3699073716,34
3699073727,86
3699073806,43
3699073806,96
3699073806,6
3699073862,68
3699073905,42
3699074159,86
3699074226,4
3699074226,96
3699074226,11
3699074370,34
3699074564,34
3699074564,23
3699074564,25
3699074602,118
3699074700,84
3699074700,6
3699074702,84
3699074702,6
3699074725,14
3699074773,14
3699074775,14
3699074777,14
3699074783,84
3699074783,6
3699074827,14
3699074848,14
3699074860,14
3699074921,68
3699074982,14
3699074987,14
3699074987,17
3699074987,15
3699074994,14
3699074994,17
3699074994,15
3699075216,4
3699075216,96
3699075216,11
3699075389,34
3699075390,34
3699075396,86
3699075476,43
3699075476,96
3699075476,6
3699075534,96
3699075534,84
3699075534,70
3699075560,118
3699075680,84
3699075680,6
3699075684,84
3699075684,6
3699075688,84
3699075688,6
3699075689,84
3699075689,6
3699075690,118
3699075698,118
3699075699,118
3699075713,14
3699075716,126
3699075716,36
3699075716,100
3699075720,84
3699075720,6
3699075793,14
3699075794,14
3699075797,14
3699075799,14
3699075804,84
3699075804,6
3699075848,14
3699075897,25
3699075897,23
3699075928,14
3699075931,6
3699075944,135
3699075985,135
3699076184,42
3699076648,84
3699076648,6
3699076649,118
3699076657,118
3699076670,112
3699076670,114
3699076670,7
3699076671,112
3699076671,114
3699076671,7
3699076673,112
3699076673,114
3699076673,7
3699076685,25
3699076685,23
3699076695,6
3699076756,14
3699076758,84
3699076758,6
3699076759,14
3699076761,14
3699076767,84
3699076767,6
3699076793,75
3699076796,14
3699076815,14
3699076837,14
3699076838,14
3699076849,14
3699076873,14
3699076961,68
3699076984,3217
3699077001,25
3699077151,42
3699077273,34
3699077297,4
3699077309,68
3699077352,43
3699077352,96
3699077352,6
3699077388,96
3699077388,104
3699077610,84
3699077610,6
3699077612,118
3699077624,112
3699077624,114
3699077624,7
3699077625,112
3699077625,114
3699077625,7
3699077627,112
3699077627,114
3699077627,7
3699077628,84
3699077628,6
3699077680,14
3699077683,14
3699077705,14
3699077710,14
3699077714,84
3699077714,6
3699077715,84
3699077715,6
3699077744,14
3699077757,14
3699077778,14
3699077807,14
3699077913,135
3699077949,14
3699077974,14
3699078227,96
3699078227,84
3699078227,70
3699078254,118
3699078378,84
3699078378,6
3699078388,84
3699078388,6
3699078392,84
3699078392,6
3699078396,118
3699078405,118
3699078408,118
3699078416,112
3699078416,114
3699078416,7
3699078487,14
3699078495,84
3699078495,6
3699078501,84
3699078501,6
3699078515,14
3699078567,14
3699078576,135
3699078581,14
3699078617,6
3699078648,84
3699078648,6
3699078649,84
3699078649,6
3699078675,14
3699078713,14
3699078736,14
3699078736,17
3699078736,15
3699078761,43
3699078768,84
3699078768,6
3699078781,31
3699078793,4
3699078816,14
3699078816,17
3699078816,15
3699078820,98
3699078822,14
3699078832,6
3699078853,27
3699078858,14
3699078872,124
3699078876,27
3699078877,27
3699078885,14
3699078898,96
3699078920,27
3699078926,25
3699078926,23
3699079086,34
3699079282,34
3699079282,23
3699079282,25
3699079300,3192
3699079335,118
3699079410,84
3699079410,6
3699079423,84
3699079423,6
3699079427,118
3699079452,112
3699079452,114
3699079452,7
3699079484,14
3694137772,53
3694140771,4
3694140771,132
3694140771,96
3699079492,44
3699079525,14
3699079527,14
3699079534,14
3699079586,14
3699079602,14
3699079604,14
3699079629,25
3699079629,23
3699079632,75
3699079637,14
3699079639,14
3699079651,14
3699079657,3238
3699079673,14
3699079750,14
3699079750,17
3699079750,15
3699079770,3217
3699079771,57
3699079806,48
3699079813,14
3699079816,14
3699079821,42
3699079822,42
3699079828,27
3699079838,68
3699079842,14
3699079842,17
3699079842,15
3699079848,6
3699079859,6
3699079863,96
3699079863,84
3699079863,70
3699079877,27
3699079878,27
3699079880,27
3699079884,9
3699079903,27
3699079904,27
3699079928,25
3699079928,23
3699079941,14
3699079956,14
3699080116,118
3699080117,118
3699080118,118
3699080165,118
3699080250,84
3699080250,6
3699080266,118
3699080267,118
3699080276,112
3699080276,114
3699080276,7
3699080278,112
3699080278,114
3699080278,7
3699080284,25
3699080284,23
3699080318,14
3699080330,43
3699080330,96
3699080330,6
3699080343,14
3699080365,14
3699080381,135
3699080393,14
3699080420,43
3699080440,84
3699080440,6
3699080452,75
3699080459,84
3699080459,6
3699080477,84
3699080477,6
3699080486,14
3699080486,17
3699080486,15
3699080520,3192
3699080537,14
3699080547,14
3699080547,17
3699080547,15
3699080554,14
3699080554,17
3699080554,15
3699080567,3217
3699080568,14
3699080611,16
3699080616,27
3699080630,14
3699080631,53
3699080646,42
3699080648,42
3699080656,135
3699080664,147
3699080678,6
3699080682,84
3699080682,6
3699080683,25
3699080691,14
3699080691,17
3699080691,15
3699080693,14
3699080693,17
3699080693,15
3699080697,27
3699080699,27
3699080717,27
3699080720,43
3699080720,41
3699080720,96
3699080730,19
3699080770,3226
3699080792,42
3699080792,43
3699080795,42
3699080795,43
3699080808,116
3699080819,17
3699080831,68
3699080849,15
3699080853,96
3699080854,15
3699080871,11
3699080874,15
3699080876,27
3699080884,14
3699080888,14
3699080889,14
3699080894,96
3699080902,16
3699080908,96
3699080910,96
3699080936,12
3699080944,51
3699080944,86
3699080945,51
3699080945,86
3699080953,14
3699080954,14
3699080955,14
3699080958,3210
3699080962,49
3690851117,9
3699080970,48
3699080980,109
3699080980,4
3699080980,28
3699080981,14
3699080982,14
3699080983,32
3699080984,32
3699080994,135
3699081039,84
3699081039,6
3699081042,118
3699081063,112
3699081063,114
3699081063,7
3699081065,112
3699081065,114
3699081065,7
3699081139,14
3699081140,14
3699081142,14
3699081143,14
3699081200,135
3699081223,14
3699081224,135
3699081225,14
3699081229,14
3699081266,3238
3699081285,14
3699081296,25
3699081296,23
3699081299,14
3699081317,14
3699081318,84
3699081318,6
3699081387,27
3699081394,14
3699081394,17
3699081394,15
3699081449,24
3699081464,4
3699081496,147
3699081500,6
3699081501,6
3699081506,6
3699081515,96
3699081515,84
3699081515,70
3699081525,27
3699081527,27
3699081543,4
3699081546,4
3699081548,4
3699081549,124
3699081553,48
3699081559,96
3699081559,43
3699081559,14
3699081567,14
3699081574,96
3699081593,1
3699081609,84
3699081609,6
3699081651,4
3699081698,96
3699081699,116
3699081709,41
3699081724,75
3699081734,14
3699081736,96
3699081738,96
3699081742,96
3699081752,96
3699081753,96
3699081754,96
3699081756,135
3699081766,14
3699081782,48
3699081783,48
3699081792,11
3699081793,11
3699081807,104
3699081821,19
3699081826,14
3699081831,6
3699081840,43
3699081840,42
3699081840,91
3699081842,43
3699081842,42
3699081842,91
3699081851,43
3699081894,68
3699081911,14
3699081913,14
3699081916,14
3699081921,14
3699081923,14
3699081937,59
3699081942,147
3699081944,68
3699081957,8
3699081959,8
3699081969,43
3699081969,45
3699081969,46
3699081970,55
3699081985,147
3699081987,44
3699082014,14
3699082014,17
3699082014,15
3699082015,14
3699082015,17
3699082015,15
3699082050,14
3699082075,14
3699082084,42
3699082085,42
3699082086,42
2148434909,14
3699082102,14
3699082102,17
3699082102,15
3699082104,6
3699082110,6
3699082111,1
3699082113,6
3699082114,6
3699082116,3231
3699082122,6
3699082125,96
3699082125,84
3699082125,70
3699082127,70
3699082139,27
3699082195,14
3699082196,53
3699082205,25
3699082207,48
3699082280,135
3699082289,15
3699082292,14
3699082295,44
3699082310,96
3699082311,96
3699082312,96
3699082318,96
3699082341,104
3699082354,84
3699082354,6
3699082362,14
3699082377,78
3699082385,14
3699082386,14
3699082398,43
3699082398,42
3699082398,91
3699082443,14
3699082485,141
3699082487,43
3699082487,45
3699082487,46
3699082489,43
3699082489,45
3699082489,46
3699082490,4
3699082505,147
3699082506,75
3699082511,104
3699082514,8
3699082527,32
3699082547,48
3699082553,44
3699082556,75
3699082614,14
3699082618,78
3699082628,44
3699082641,84
3699082641,6
3699082662,10
3699082670,112
3699082700,3231
3699082709,32
3699082714,41
3699082733,23
3699082733,34
3699082733,25
3699082750,14
3699082775,14
3699082820,44
3699082846,12
3699082856,96
3699082859,32
3699082896,13
3699082941,23
3699082941,34
3699082941,25
3699082948,96
3699082948,4
3699082949,96
3699082949,4
3699082951,96
3699082951,4
3699082980,43
3699082995,96
3699082997,23
3699082997,34
3699082997,25
3699083010,3217
3699083065,42
3699083067,48
3699083067,51
3699083067,86
3699083068,135
3699083069,48
3699083069,51
3699083069,86
3699083082,6
3699083083,6
3699083085,54
3699083089,6
3699083093,48
3699083096,6
3699083097,14
3699083097,17
3699083097,15
3699083098,70
3699083122,27
3699083123,27
3699083157,27
3699083160,135
3699083165,25
3699083165,23
3699083233,17
3699083234,17
3699083245,6
3699083255,54
3699083255,135
3699083255,57
3699083264,54
3699083264,135
3699083264,57
3699083272,135
3699083273,135
3699083289,135
3699083293,27
3699083300,15
3699083304,44
3699083305,96
3699083306,96
3699083310,96
3699083312,56
3699083316,96
3699083324,147
3699083347,8
3699083364,48
3699083365,51
3699083365,86
3699083367,68
3699083368,6
3699083375,11
3699083385,43
3699083436,147
3694139866,48
3694139866,51
3694143363,12
3694143363,15
3699083437,11
3699083440,147
3699083468,25
3699083477,124
3699083478,6
3699083480,124
3699083483,4
3699083493,27
3699083502,147
3699083503,27
3699083507,8
3699083508,8
3699083511,27
3699083512,48
3699083515,59
3699083518,48
3699083526,68
3699083540,50
3699083540,51
3699083540,48
3699083551,32
3699083554,53
3699083585,96
3699083608,44
3699083610,44
3699083623,32
3699083625,14
3699083674,50
3699083674,51
3699083674,48
3699083676,34
3699083676,23
3699083699,41
3699083834,31
3699083847,27
3699083860,23
3699083860,34
3699083860,25
3699083923,92
3699083950,96
3699083950,4
3699083954,96
3699083954,4
3699083955,96
3699083955,4
3699083957,96
3699083957,4
3699083959,96
3699083959,4
3699083973,27
3699083986,17
3699083986,14
3699083986,15
3699084011,1497
3699084031,53
3699084055,42
3699084059,3226
3699084060,48
3699084060,51
3699084060,86
3699084061,48
3699084061,51
3699084061,86
3699084088,6
3699084104,27
3699084107,6
3699084111,43
3699084121,4
3699084122,124
3699084131,27
3699084138,70
3699084142,135
3699084146,14
3699084162,6
3699084213,11
3699084228,17
3699084229,17
3699084230,17
3699084277,135
3699084279,14
3699084294,27
3699084295,104
3699084297,25
3699084298,96
3699084306,96
3699084307,96
3699084311,104
3699084319,96
3699084330,55
3699084332,96
3699084342,32
3699084351,11
3699084355,14
3699084357,14
3699084361,51
3699084361,86
3699084363,78
3699084380,14
3699084381,14
3699084394,43
3699084394,42
3699084394,91
3699084400,27
3699084403,43
3699084415,12
3699084442,124
3699084450,14
3699084455,44
3699084455,48
3699084459,12
3699084476,14
3699084495,8
3699084499,8
3699084500,8
3699084504,8
3694118410,42
3694145217,94
3694146140,96
3699084505,4
3699084506,43
3699084506,45
3699084506,46
3699084508,135
3699084516,48
3699084516,135
3699084516,51
3699084522,44
3699084534,44
3699084544,32
3699084547,50
3699084547,51
3699084547,48
3699084548,14
3699084552,14
3699084557,50
3699084557,51
3699084557,48
3699084599,44
3699084601,44
3699084605,44
3699084656,78
3699084657,147
3699084663,3231
3699084669,3231
3699084678,50
3699084678,51
3699084678,48
3699084679,3231
3699084680,3231
3699084693,34
3699084695,34
3699084697,6
3699084718,23
3699084718,34
3699084718,25
3699084791,70
3699084791,12
3699084791,14
3699084793,70
3699084793,12
3699084793,14
3699084809,104
3699084818,32
3699084827,96
3699084843,96
3699084849,104
3699084870,147
3699084909,23
3699084909,34
3699084909,25
3699084912,96
3699084917,96
3699084917,4
3699084921,96
3699084921,4
3699084922,96
3699084922,4
3699084923,96
3699084923,4
3699084937,6
3699084954,96
3699084955,43
3699084958,34
3699084962,17
3699084962,14
3699084962,15
3699084967,147
3699084973,96
3699085035,53
3699085087,6
3699085089,84
3699085089,6
3699085090,84
3699085090,6
3699085098,14
3699085103,70
3699085107,27
3699085110,3
3699085110,112
3699085110,7
3699085111,27
3699085131,124
3699085133,43
3699085133,14
3699085133,96
3699085137,48
3699085141,68
3699085151,19
3699085158,112
3699085166,68
3699085167,27
3699085169,14
3699085183,68
3699085199,84
3699085199,6
3699085205,42
3699085205,43
3699085213,42
3699085213,43
3699085249,12
3699085258,116
3699085304,53
3699085305,27
3699085310,53
3699085313,14
3699085314,96
3699085319,96
3699085320,96
3699085330,135
3699085331,96
3699085334,44
3699085336,44
3699085345,53
3699085363,48
3699085369,11
3699085370,11
3699085396,109
3699085396,4
3699085396,28
3699085398,11
3699085399,112
3699085404,14
3699085405,14
3699085411,11
3699085414,11
3699085416,55
3699085418,147
3699085447,14
3699085449,14
3699085475,141
3699085478,139
3699085480,141
3699085490,27
3699085496,27
3699085500,96
3699085502,27
3699085512,118
3699085512,96
3699085514,96
3699085519,43
3699085519,45
3699085519,46
3699085527,6
3699085538,104
3699085555,25
3694115570,112
3699085556,32
3699085559,3226
3699085580,14
3699085611,44
3699085616,44
3699085650,42
3699085662,91
3699085679,78
3699085681,147
3699085710,104
3699085724,23
3699085724,34
3699085724,25
3699085728,23
3699085728,34
3699085728,25
3699085740,14
3699085747,14
3699085777,75
3699085779,116
3699085786,118
3699085786,96
3699085799,70
3699085799,12
3699085799,14
3699085800,70
3699085800,12
3699085800,14
3699085820,68
3699085825,146
3699085845,23
3699085845,34
3699085845,25
3699085862,91
3699085887,92
3699085911,43
3699085912,43
3699085913,116
3699085913,95
3699085913,87
3699085914,43
3699085922,43
3699085955,96
3699085981,96
3699085987,96
3699085994,104
3699085997,43
3699086036,15
3699086055,68
3699086061,96
3699086066,96
3699086078,135
3699086104,48
3699086110,48
3699086131,49
3699086145,112
3699086165,96
3699086167,27
3699086191,14
3699086207,14
3699086213,14
3699086224,51
3699086225,51
3699086230,27
3699086236,43
3699086236,45
3699086236,46
3699086237,43
3699086237,45
3699086237,46
3699086257,27
3699086260,8
3699086269,96
3699086291,44
3699086292,32
3699086295,44
3699086317,32
3699086344,17
3699086345,14
3699086365,3221
3699086372,104
3699086380,7
3699086388,44
3699086396,42
3699086401,112
3699086402,12
3699086404,112
3699086427,118
3699086427,96
3699086446,104
3699086484,14
3699086524,96
3699086528,4
3699086561,11
3699086570,104
3699086595,23
3699086595,34
3699086595,25
3699086600,75
3699086655,47
3699086668,14
3699086668,13
3699086668,124
3699086671,32
3699086675,96
3699086675,4
3699086677,96
3699086677,4
3699086679,96
3699086679,4
3699086680,96
3699086680,4
3699086681,96
3699086681,4
3699086686,96
3699086686,4
3699086713,43
3699086716,43
3699086738,23
3699086738,34
3699086738,25
3699086749,41
3699086769,48
3699086780,24
3699086780,112
3699086780,119
3699086786,104
3699086799,48
3699086800,41
3699086800,45
3699086888,104
3699086920,41
3699086920,45
3699086928,54
3699086928,49
3699086928,48
3699087015,96
3699087041,116
3699087042,14
3699087043,92
3699087053,96
3699087055,96
3699087056,96
3699087059,14
3699087065,96
3699087071,1
3694143681,14
3699087120,51
3699087120,86
3699087127,92
3699087149,27
3699087152,109
3699087152,4
3699087152,28
3699087167,27
3699087184,3226
3699087193,104
3699087207,14
3699087225,59
3699087235,43
3699087235,45
3699087235,46
3699087242,4
3699087250,8
3699087253,75
3699087265,43
3699087265,45
3699087265,46
3699087273,112
3699087287,44
3699087347,12
3699087357,47
3699087358,57
3699087359,44
3699087360,104
3699087373,43
3699087373,27
3699087375,43
3699087375,27
3699087461,32
3699087469,3226
3699087477,41
3699087479,27
3699087488,23
3699087488,34
3699087488,25
3699087489,23
3699087489,34
3699087489,25
3699087490,23
3699087490,34
3699087490,25
3699087492,42
3699087542,43
3699087559,68
3699087572,43
3699087572,96
3699087572,47
3699087609,118
3699087696,96
3699087696,4
3699087697,96
3699087697,4
3699087699,96
3699087699,4
3699087701,96
3699087701,4
3699087703,96
3699087703,4
3699087705,96
3699087705,4
3699087714,6
3699087747,104
3699087779,75
3699087779,100
3699087780,42
3699087780,14
3699087780,17
3699087793,11
3699087882,104
3699087888,43
3699087888,96
3699087910,28
3699087928,11
3699088042,14
3699088044,57
3699088044,59
3699088066,6
3699088096,8
3699088099,50
3699088099,51
3699088099,48
3699088107,96
3699088113,3226
3699088114,124
3699088123,124
3699088142,32
3699088177,14
3699088180,14
3699088183,17
3699088183,14
3699088183,138
3699088198,17
3699088210,44
3699088211,44
3699088258,104
3699088281,3231
3699088283,3231
3699088291,34
3699088292,6
3699088293,6
3699088307,68
3699088313,23
3699088313,34
3699088313,25
3699088318,104
3699088319,23
3699088319,34
3699088319,25
3699088397,51
3699088402,6
3699088403,38
3699088403,109
3699088403,4
3699088404,14
3699088427,14
3699088436,23
3699088436,34
3699088436,25
3699088498,43
3699088499,43
3699088503,96
3699088503,4
3699088505,96
3699088505,4
3699088507,96
3699088507,4
3699088510,96
3699088510,4
3699088539,17
3699088539,14
3699088539,15
3699088579,144
3699088586,28
3699088587,96
3699088610,69
3699088617,54
3699088617,49
3699088617,48
3690842485,48
3699088620,70
3699088620,68
3699088627,11
3699088720,54
3699088720,49
3699088720,48
3699088761,25
3699088761,97
3699089005,44
3699089023,14
3699089045,14
3699089046,14
3699089048,17
3699089048,14
3699089048,138
3699089059,14
3699089065,44
3699089067,44
3699089070,27
3699089077,32
3699089097,3242
3699089108,112
3699089114,27
3699089122,139
3699089155,50
3699089155,51
3699089155,48
3699089163,34
3699089166,27
3699089169,57
3699089169,133
3699089186,23
3699089186,34
3699089186,25
3699089190,68
3699089197,34
3699089197,23
3699089206,17
3699089216,14
3699089249,27
3699089250,94
3699089261,116
3699089298,1
3699089310,30
3699089320,122
3699089386,43
3699089390,96
3699089390,4
3699089395,96
3699089395,4
3699089397,96
3699089397,4
3699089416,96
3699089416,14
3699089416,42
3699089434,23
3699089434,34
3699089434,25
3699089438,9
3699089448,104
3699089454,68
3699089473,96
3699089482,12
3699089482,15
3699089483,104
3699089529,57
3699089529,59
3699089529,44
3699089623,58
3699089623,25
3699089733,104
3699089750,34
3699089750,31
3699089750,32
3699089751,9
3699089762,19
3699089919,92
3699090054,41
3699090054,45
3699090071,116
3699090071,88
3699090165,12
3699090211,96
3699090222,8
3699090770,139
3699090777,7
3699090791,32
3699090791,31
3699091001,96
3699091056,104
3699091057,104
3699091070,44
3699091070,128
3699091070,48
3699091110,17
3699091170,12
3699091170,53
3699091170,17
3699091195,14
3699091210,96
3699091216,31
3699091224,11
3699091239,49
3699091239,48
3699091239,54
3699091344,9
3699091344,10
3699091344,42
3699091555,48
3699091613,14
3699091613,124
3699091705,100
3699091757,43
3699091928,41
3699091965,137
3699092010,70
3699092010,14
3699092010,15
3699092027,96
3699092065,4
3699092137,14
3699092193,84
3699092193,137
3699092291,92
3699092297,96
3699092297,5
3699092297,4
3699092381,52
3699092381,1
3699092381,70
3699092404,12
3699092472,96
3699092604,104
3699092684,94
3699092684,1
3699092684,52
3699092691,17
3699092691,14
3699092691,12
3699092861,59
3699092948,59
3699093008,96
3699093015,104
3699093027,1
3699093030,19
3699093043,9
3699093119,100
3699093123,104
3699093154,137
3699093674,34
3699093674,27
3699093771,41
3699093771,43
3699093888,58
3699094074,15
3699094426,33
3694144816,96
3694145770,96
3694146779,96
3694148392,4
3694148392,96
3694148392,3
3694148421,96
3694150316,96
3699094513,96
3699094752,59
3699094773,14
3699094876,11
3699094947,86
3699094947,56
3699095065,92
3699095310,104
3699095325,53
3699095326,96
3699095326,110
3699095326,84
3699095609,9
3699095674,84
3699096383,96
3699096409,41
3699096409,43
3699096557,112
3699096557,24
3699096588,93
3699096765,96
3699097574,96
3699097667,96
3699097738,4
3699097852,69
3699097898,91
3699097900,91
3699097900,25
3699097929,96
3699097929,27
3699098096,43
3699098281,41
3699098281,43
3699098511,1
3699098514,90
3699098519,104
3699098520,96
3699098520,75
3699098526,6
3699098526,27
3699098526,24
3699098545,96
3699098565,144
3699098570,54
3699098570,49
3699098570,48
3699098753,27
3699098781,96
3699098799,133
3699098799,49
3699098799,48
3699098829,63
3699098832,112
3699098833,112
3699098839,14
3699098854,32
3699098854,31
3699098854,28
3699098858,112
3699098861,31
3699098901,14
3699098903,48
3699098927,23
3699098945,104
3699098968,31
3699098970,31
3699098996,41
3699098999,47
3699099161,9
3699099211,12
3699099211,15
3699099250,133
3699099314,54
3699099314,49
3699099314,48
3699099403,11
3699099544,104
3699099553,142
3699099558,104
3699099574,96
3699099589,11
3699099605,44
3699099670,4
3699099685,3210
3699099704,12
3699099704,17
3699099704,14
3699099756,81
3699099797,96
3699099798,133
3699099798,49
3699099798,48
3699099799,133
3699099799,49
3699099799,48
3699099800,133
3699099800,49
3699099800,48
3699099844,3231
3699099855,68
3699099859,32
3699099859,31
3699099859,28
3699099872,96
3699099880,112
3699099882,43
3699099931,14
3699099940,23
3699099951,104
3699099972,31
3699400041,59
3699400474,143
3699400474,27
3699400474,19
3699400488,104
3699400489,104
3699400549,43
3699400551,69
3694142991,43
3694147450,33
3694150334,49
3699400553,96
3699400629,3210
3699400631,3210
3699400683,104
3699400702,27
3699400730,96
3699400756,133
3699400756,49
3699400756,48
3699400817,31
3699400830,43
3699400852,68
3699400853,14
3699400854,75
3699400885,14
3699400903,49
3699400931,31
3699400954,11
3699400964,14
3699401279,12
3699401323,27
3699401362,112
3699401362,135
3699401362,7
3699401363,4
3699401365,87
3699401386,104
3699401387,104
3699401399,104
3699401400,104
3699401415,25
3699401442,34
3699401611,27
3699401614,27
3699401658,133
3699401658,49
3699401658,48
3699401659,96
3699401704,14
3699401714,55
3699401719,15
3699401748,86
3699401751,43
3699401766,14
3699401794,14
3699401794,6
3699401859,6
3699401969,18
3699401970,18
3699401995,122
3699401995,1958
3699402281,25
3699402283,141
3699402294,96
3699402295,9
3699402320,133
3699402441,104
3699402456,48
3699402458,81
3699402462,27
3699402499,53
3699402502,133
3699402502,49
3699402502,48
3699402503,133
3699402503,49
3699402503,48
3699402505,133
3699402505,49
3699402505,48
3699402532,116
3699402533,116
3699402551,75
3699402564,32
3699402564,31
3699402564,28
3699402579,112
3699402600,14
3699402619,14
3699402620,14
3699402622,14
3699402631,23
3699402736,96
3699402815,27
3699402862,68
3699402868,135
3699402868,57
3699402868,48
3699402872,8
3699402920,3237
3699402962,47
3699402963,47
3699402964,47
3699403064,11
3699403064,104
3699403190,96
3699403190,124
3699403190,14
3699403231,100
3699403235,53
3699403235,135
3699403235,112
3699403256,104
3699403260,138
3699403291,15
3699403291,12
3699403315,43
3699403447,92
3699403447,87
3699403447,116
3699403492,27
3699403496,27
3699403499,27
3699403546,133
3699403546,49
3699403546,48
3699403549,133
3699403549,49
3699403549,48
3699403552,133
3699403552,49
3699403552,48
3699403577,112
3699403578,116
3699403602,112
3699403608,6
3699403612,86
3699403613,86
3699403626,112
3699403629,112
3699403630,112
3699403649,14
3699403668,23
3699403670,23
3699403674,49
3699403676,104
3699403693,31
3699403724,8
3699403839,47
3699403847,3222
3694146786,53
3694148489,96
3694149410,14
3699403927,3237
3699403960,47
3699403962,4
3699404056,11
3699404074,104
3699404087,104
3699404093,112
3699404126,43
3699404165,124
3699404291,48
3699404292,48
3699404305,27
3699404308,27
3699404309,27
3699404363,96
3699404368,133
3699404368,49
3699404368,48
3699404401,112
3699404410,14
3699404414,14
3699404419,88
3699404420,75
3699404424,53
3699404432,112
3699404451,112
3699404452,112
3699404453,112
3699404454,112
3699404456,27
3699404461,32
3699404461,31
3699404461,28
3699404463,12
3699404463,15
3699404463,4
3699404468,1
3699404473,4
3699404497,14
3699404512,49
3699404539,31
3699404565,112
3699404581,48
3699404581,55
3699404604,14
3699404618,28
3699404656,18
3699404657,18
3699404660,18
3699404681,27
3699404692,4
3699404703,14
3699404713,47
3699404719,47
3699404724,68
3699404810,47
3699404814,32
3699405100,27
3699405102,27
3699405149,133
3699405149,49
3699405149,48
3699405167,116
3699405173,49
3699405189,96
3699405203,68
3699405216,112
3699405237,100
3699405240,148
3699405276,31
3699405283,31
3699405298,11
3699405300,11
3699405318,47
3699405345,14
3699405422,18
3699405423,18
3699405424,18
3699405474,51
3699405478,68
3699405487,47
3699405488,14
3699405559,41
3699405572,32
3699405573,32
3699405887,12
3699405887,15
3699405889,14
3699405893,14
3699405960,96
3699405986,51
3699405986,48
3699405986,11
3699405987,51
3699405987,48
3699405987,11
3699405992,25
3699405992,27
3699406000,3202
3699406096,47
3699406109,3222
3699406111,3222
3699406119,59
3699406121,14
3699406122,14
3699406134,49
3699406134,54
3699406134,48
3699406145,68
3699406147,14
3699406157,14
3699406245,32
3699406584,32
3699406636,3190
3699406652,25
3699406652,27
3699406684,42
3699406684,11
3699406701,43
3699406704,43
3699406705,43
3699406708,43
3699406798,55
3699406839,53
3699406889,69
3699406892,96
3699406898,69
3699406899,4
3699406899,43
3699406899,137
3699406907,4
3699406907,43
3699406907,137
3699407059,28
3699407129,135
3699407132,4
3699407156,14
3699407209,33
3699407229,68
3699407235,28
3699407248,68
3699407256,47
3699407257,47
3699407258,47
3699407259,47
3699407596,14
3699407621,6
3699407630,32
3699407631,32
3699407633,32
3699407680,104
3699407701,42
3699407704,51
3699407704,48
3699407704,11
3699407707,25
3699407707,27
3699407708,25
3699407708,27
3699407709,25
3699407709,27
3699407768,43
3699407772,43
3699407774,17
3699407778,14
3699407778,116
3699407778,17
3699407789,31
3699407848,14
3699407852,86
3699407861,44
3699407895,99
3699407897,53
3699407897,42
3699407897,92
3699407898,53
3699407898,42
3699407898,92
3699407912,14
3699407915,68
3699407942,23
3699407943,23
3699407944,96
3699407950,4
3699407950,43
3699407950,137
3699407952,4
3699407952,43
3699407952,137
3699407959,3200
3699408062,18
3699408086,4
3699408106,14
3699408111,49
3699408111,54
3699408111,48
3699408117,14
3699408118,14
3699408120,68
3699408200,68
3699408204,47
3699408205,47
3699408206,47
3699408207,47
3699408208,47
3699408213,32
3699408535,14
3699408536,14
3699408537,14
3699408565,32
3699408566,32
3699408588,7
3699408615,25
3699408615,27
3699408621,25
3699408621,27
3699408646,19
3699408646,25
3699408646,27
3699408649,27
3699408684,43
3699408711,14
3699408776,14
3699408798,43
3699408813,14
3699408824,53
3699408824,42
3699408824,92
3699408831,92
3699408841,14
3699408864,96
3699408868,9
3699408872,23
3699408873,23
3699408876,9
3699408878,4
3699408878,43
3699408878,137
3699408880,4
3699408880,43
3699408880,137
3699408891,4
3699408891,43
3699408891,137
3699408892,4
3699408892,43
3699408892,137
3699408894,4
3699408894,43
3699408894,137
3699408896,4
3699408896,43
3699408896,137
3699408897,16
3699408899,4
3699408899,43
3699408899,137
3699408900,4
3699408900,43
3699408900,137
3694142765,146
3694146152,146
3694148136,146
3699408973,96
3699408997,87
3699409002,47
3699409010,14
3699409020,68
3699409021,68
3699409081,15
3699409103,32
3699409414,14
3699409415,14
3699409473,104
3699409477,96
3699409488,34
3699409488,117
3699409493,25
3699409493,27
3699409496,25
3699409496,27
3699409507,43
3699409509,112
3699409509,7
3699409510,11
3699409560,43
3699409565,43
3699409566,4
3699409570,43
3699409571,43
3699409572,43
3699409582,80
3699409582,96
3699409582,4
3699409591,14
3699409597,31
3699409670,86
3699409709,53
3699409709,42
3699409709,92
3699409744,96
3699409746,122
3699409764,16
3699409793,57
3699410286,14
3699410307,113
3699410309,32
3699410336,7
3699410337,7
3699410340,41
3699410365,124
3699410368,25
3699410368,27
3699410409,42
3699410416,43
3699410417,43
3699410420,14
3699410432,14
3699410445,14
3699410451,27
3699410451,25
3699410462,3233
3699410505,124
3699410505,14
3699410507,43
3699410518,14
3699410536,99
3699410538,53
3699410538,42
3699410538,92
3699410568,23
3699410576,9
3699410577,9
3699410578,23
3699410580,122
3699410587,4
3699410587,43
3699410587,137
3699410595,69
3699410632,57
3699410802,70
3699410832,14
3699410844,14
3699410851,43
3699410870,75
3699410871,69
3699410871,132
3699410871,82
3699410879,14
3699410900,14
3699410904,27
3699410919,25
3699410919,34
3699410919,15
3699410920,133
3699410936,7
3699410945,4
3699410948,104
3699410952,7
3699410987,3242
3699410993,57
3699411300,94
3699411393,11
3699411449,42
3699411456,43
3699411457,43
3699411459,4
3699411460,43
3699411461,17
3699411462,17
3699411468,43
3699411575,43
3699411587,14
3699411594,27
3699411627,15
3699411633,96
3699411637,9
3699411641,23
3699411646,3200
3699411653,4
3699411653,43
3699411653,137
3699411660,4
3699411660,43
3699411660,137
3699411662,4
3699411662,43
3699411662,137
3699411717,104
3699411940,27
3694116848,42
3694118967,14
3699411957,133
3699411980,7
3699412168,14
3699412197,32
3699412200,32
3699412201,32
3699412249,44
3699412255,12
3699412260,25
3699412260,27
3699412261,25
3699412261,27
3699412302,68
3699412304,11
3699412351,14
3699412356,80
3699412356,96
3699412356,4
3699412357,80
3699412357,96
3699412357,4
3699412372,27
3699412372,25
3699412433,86
3699412453,55
3699412470,14
3699412473,14
3699412481,53
3699412484,99
3699412520,15
3699412536,23
3699412546,23
3699412553,31
3699412566,4
3699412566,43
3699412566,137
3699412568,4
3699412568,43
3699412568,137
3699412571,69
3699412572,69
3699412573,4
3699412573,43
3699412573,137
3699412603,57
3699412625,109
3699412625,124
3699412821,80
3699412823,42
3699412823,14
3699412829,96
3699412860,14
3699412862,14
3699412864,14
3699412897,27
3699412928,137
3699412932,7
3699412941,14
3699412944,14
3699412964,16
3699412970,50
3699413011,43
3699413013,19
3699413013,25
3699413013,27
3699413014,43
3699413016,19
3699413016,25
3699413016,27
3699413049,23
3699413056,43
3699413061,14
3699413061,116
3699413061,17
3699413064,43
3699413066,43
3699413069,43
3699413072,96
3699413087,14
3699413152,4
3699413207,27
3699413233,9
3699413238,23
3699413262,16
3699413263,16
3699413326,3231
3699413328,80
3699413351,87
3699413480,14
3699413526,112
3699413565,14
3699413611,79
3699413636,14
3699413647,4
3699413680,27
3699413681,27
3699413820,86
3699413821,86
3699413823,86
3699413877,116
3699413877,92
3699413878,116
3699413878,92
3699413936,95
3699413937,104
3699413939,86
3699413942,104
3699414012,15
3699414047,16
3699414185,14
3694146908,146
3694146923,42
3694148606,96
3694150553,96
3694150553,80
3694150553,4
3699414187,14
3699414195,25
3699414232,14
3699414261,14
3699414299,133
3699414360,14
3699414362,16
3699414370,16
3699414512,14
3699414647,14
3699414668,14
3699414669,14
3699414672,27
3699414673,14
3699414676,27
3699414693,43
3699414732,96
3699414732,6
3699414732,8
3699414734,96
3699414734,6
3699414734,8
3699414858,44
3699414957,104
3699415002,16
3699415008,16
3699415027,4
3699415113,14
3699415124,14
3694145573,14
3699415127,104
3699415136,14
3699415137,14
3699415139,14
3699415143,14
3699415188,96
3699415207,14
3699415236,14
3699415268,27
3699415317,16
3699415319,16
3699415320,16
3699415345,27
3699415350,48
3699415350,51
3699415378,43
3699415387,14
3699415564,135
3699415572,27
3699415575,104
3699415576,95
3699415583,1
3699415583,8
3699415587,34
3699415645,86
3699415649,96
3699415649,6
3699415649,8
3699415653,96
3699415653,6
3699415653,8
3699415654,96
3699415654,6
3699415654,8
3699415656,96
3699415656,6
3699415656,8
3699415658,104
3699415758,30
3699415758,31
3699415992,96
3699416125,14
3699416130,12
3699416131,12
3699416141,14
3699416160,14
3699416176,104
3699416195,104
3699416206,104
3699416211,14
3699416225,137
3699416230,79
3699416241,7
3699416252,14
3699416267,16
3699416268,16
3699416271,16
3699416276,4
3699416293,27
3699416320,14
3699416347,14
3699416436,86
3699416482,55
3699416482,135
3699416482,63
3699416529,27
3699416553,104
3699416555,34
3699416557,34
3699416609,96
3699416609,6
3699416609,8
3699416611,96
3699416611,6
3699416611,8
3699416661,80
3699416661,4
3699416661,84
3699416723,30
3699416723,31
3699416724,30
3699416724,31
3699416747,34
3699416747,23
3699416747,25
3699416750,7
3699416750,112
3699416750,3
3699417040,135
3699417053,4
3699417116,7
3699417131,4
3699417133,79
3699417136,137
3699417151,14
3699417160,16
3699417165,16
3699417167,50
3699417176,27
3699417195,133
3699417213,80
3699417305,14
3699417313,70
3699417441,14
3694147694,96
3694147762,48
3694149590,6
3694153062,104
3699417451,34
3699417452,34
3699417453,34
3699417454,34
3699417515,96
3699417515,6
3699417515,8
3699417519,96
3699417519,6
3699417519,8
3699417520,96
3699417520,6
3699417520,8
3699417521,96
3699417521,6
3699417521,8
3699417602,57
3699417661,7
3699417661,112
3699417661,3
3699417731,42
3699417929,84
3699417929,6
3699417937,3233
3699417972,6
3699417980,44
3699417996,14
3699418007,14
3699418008,14
3699418012,14
3699418016,17
3699418053,27
3699418123,43
3699418200,14
3699418205,70
3699418215,86
3699418328,27
3699418338,104
3699418343,1
3699418343,8
3699418395,96
3699418395,6
3699418395,8
3699418396,96
3699418396,6
3699418396,8
3699418399,104
3699418497,14
3699418525,34
3699418525,23
3699418525,25
3699418733,135
3699418733,114
3699418733,7
3699418793,25
3699418793,23
3699418797,43
3699418806,135
3699418812,6
3699418857,75
3699418866,14
3699418971,14
3699418972,14
3699418981,27
3699418981,19
3699418983,14
3699418983,17
3699418983,15
3699419008,27
3699419009,27
3699419105,31
3699419219,55
3699419219,135
3699419219,63
3699419265,14
3699419268,27
3699419270,86
3699419272,27
3699419276,104
3699419277,104
3699419282,135
3699419293,34
3699419294,34
3699419305,104
3699419320,4
3699419344,96
3699419344,6
3699419344,8
3699419345,96
3699419345,6
3699419345,8
3699419346,104
3699419348,25
3699419348,23
3699419349,96
3699419349,6
3699419349,8
3699419352,96
3699419352,6
3699419352,8
3699419428,118
3699419444,14
3699419752,84
3699419752,6
3699419804,135
3699419809,6
3699419861,96
3699419861,8
3699419861,6
3699419869,14
3699419899,14
3699419940,8
3699419947,8
3699419969,27
3699419977,14
3699419978,14
3699419984,14
3699419984,17
3699419984,15
3699420014,121
3699420030,14
3699420117,14
3699420155,86
3699420244,27
3699420256,25
3699420256,23
3699420272,34
3699420320,96
3699420320,6
3699420320,8
3699420433,30
3699420433,31
3699420438,30
3699420438,31
3699420734,84
3699420734,6
3699420789,135
3694119670,105
3694149647,96
3699420827,75
3699420944,14
3699421003,15
3699421009,96
3699421009,6
3699421009,8
3699421086,57
3699421087,57
3699421101,19
3699421101,143
3699421101,27
3699421162,116
3699421162,93
3699421162,96
3699421413,84
3699421413,6
3699421547,135
3699421563,14
3699421576,44
3699421599,27
3699421606,14
3699421613,84
3699421613,6
3699421615,27
3699421616,53
3699421616,96
3699421651,14
3699421684,14
3699421684,17
3699421684,15
3699421753,97
3699421753,11
3699421797,14
3699422109,84
3699422109,6
3699422130,25
3699422130,116
3699422130,27
3699422165,84
3699422165,6
3699422166,84
3699422166,6
3699422202,75
3699422214,14
3699422275,147
3699422279,8
3699422316,27
3699422316,19
3699422329,14
3699422329,17
3699422329,15
3699422331,14
3699422356,47
3699422356,43
3699422363,112
3699422402,3231
3699422441,84
3699422441,6
3699422467,48
3699422485,96
3699422485,4
3699422494,135
3699422508,28
3699422523,53
3699422523,144
3699422523,59
3699422524,51
3699422724,6
3699422757,6
3699422816,78
3699422888,3
3699422888,112
3699422888,7
3699423055,14
3699423055,1999
3699423055,100
3699423059,84
3699423059,6
3699423115,135
3699423120,6
3699423127,43
3699423127,42
3699423165,14
3699423203,14
3699423213,14
3699423224,27
3699423224,19
3699423245,96
3699423248,14
3699423249,48
3699423252,8
3699423256,43
3699423270,8
3699423302,27
3699423302,19
3699423327,14
3699423345,14
3699423345,17
3699423345,15
3699423365,48
3699423372,27
3699423372,19
3699423468,96
3699423468,4
3699423554,78
3699423704,23
3699423704,34
3699423704,25
3699423749,6
3699423755,6
3699423757,6
3699423758,6
3699423761,6
3699423909,50
3699423909,51
3699423909,48
3699423910,124
3699423917,124
3699423931,43
3699423991,48
3699424014,44
3699424032,14
3699424056,14
3699424072,14
3699424141,135
3699424156,75
3699424172,27
3699424219,14
3699424219,17
3699424219,15
3699424249,14
3699424249,17
3699424249,15
3699424271,67
3699424429,135
3699424457,53
3699424457,144
3699424457,59
3699424696,23
3699424696,34
3699424696,25
3699424737,6
3699424740,6
3699424895,124
3699424955,96
3699424955,4
3699424965,16
3699425016,96
3699425036,14
3699425044,75
3699425139,8
3699425140,8
3699425177,14
3699425179,14
3699425185,27
3699425307,84
3699425307,6
3699425327,48
3699425334,96
3699425334,4
3699425394,51
3699425619,6
3694122334,104
3694142717,80
3699425620,6
3699425621,6
3699425739,78
3699425835,53
3699425835,144
3699425835,59
3699425895,32
3699425935,96
3699425953,147
3699426031,19
3699426035,27
3699426035,19
3699426118,84
3699426118,6
3699426142,48
3699426151,96
3699426151,4
3699426167,96
3699426167,4
3699426187,104
3699426446,14
3699426449,6
3699426451,6
3699426452,6
3699426457,6
3699426562,3
3699426562,112
3699426562,7
3699426631,53
3699426631,144
3699426631,59
3699426759,32
3699426763,70
3699426763,12
3699426763,14
3699426941,53
3699427059,84
3699427059,6
3699427060,84
3699427060,6
3699427108,22
3699427127,53
3699427127,144
3699427127,59
3699427129,53
3699427129,144
3699427129,59
3699427378,59
3699427547,43
3699427588,96
3699427588,4
3699427609,4
3699427614,32
3699427629,147
3699427648,32
3699427693,70
3699427693,12
3699427693,14
3699427694,70
3699427694,12
3699427694,14
3699427885,68
3699428036,23
3699428036,34
3699428036,25
3699428079,6
3699428083,6
3699428084,6
3699428085,6
3699428278,44
3699428318,53
3699428318,144
3699428318,59
3699428349,32
3699428416,96
3699428433,70
3699428433,12
3699428433,14
3699428589,27
3699428742,15
3699428754,15
3699429023,32
3699429088,70
3699429088,12
3699429088,14
3699429089,70
3699429089,12
3699429089,14
3699429245,11
3699429261,27
3699429277,2226
3699429379,122
3699429382,3222
3699429395,3210
3699429396,3210
3699430005,32
3699430009,32
3699430025,32
3699430033,147
3699430053,32
3699430093,32
3699430100,70
3699430100,12
3699430100,14
3699430101,70
3699430101,12
3699430101,14
3699430119,147
3699430269,27
3699430285,14
3699430301,23
3699430435,14
3699430438,48
3699430440,31
3699430443,27
3699430444,1
3699430456,15
3699430457,15
3699431059,32
3699431229,48
3699431347,3210
3699431350,1
3699431359,104
3699432141,88
3699432291,59
3699432292,27
3699433059,48
3699433062,100
3699433067,1
3699433068,2074
3694147792,78
3694150568,48
3699433073,15
3699433074,15
3699433075,15
3699434035,3222
3699434038,14
3699434043,3210
3699434055,15
3699434057,15
3699435011,100
3699435014,3222
3699435019,3210
3699435020,104
3699435047,15
3700517653,49
3700546442,96
3700546773,4
3700546775,4
3700546783,4
3700547817,4
3700547818,4
3700547819,4
3700548425,4
3700548431,4
3700549293,4
3700549294,4
3700549295,4
3700549296,4
3700549297,4
3700549302,4
3700550209,4
3700551191,4
3700552150,4
3700553031,4
3700553032,4
3700553033,4
3700555690,15
3700555690,54
3700555690,12
3701056106,67
3701068524,14
3701072905,17
3701086688,42
3701088745,32
3701090291,121
3701097091,104
3701097854,139
3701109408,43
3701112538,34
3701113268,96
3701113268,84
3701131991,31
3701132802,31
3701136035,67
3701142251,33
3701142370,42
3701142908,75
3701143721,32
3701145102,34
3701145459,47
3701146948,104
3701147528,50
3701147647,41
3701147666,14
3701148134,104
3701148264,147
3701148264,24
3701148264,135
3701148312,68
3701148363,28
3701148363,91
3701148406,144
3701148574,14
3701148901,78
3701148901,77
3701148901,96
3701149049,92
3701149354,94
3701149363,92
3701149624,27
3701149870,14
3701149896,22
3701150877,69
3701150992,68
3701151035,8
3701151544,77
3701151907,53
3701151911,53
3701152088,147
3701152148,48
3701152421,34
3701152516,48
3701152523,22
3701152698,14
3701152995,27
3701153436,53
3701153557,61
3701153585,68
3701153591,61
3701153631,4
3701153631,96
3701153631,12
3701153652,27
3701153682,61
3701153697,133
3701153769,52
3694149520,46
3694150745,17
3694150745,15
3694153070,43
3694154122,104
3701153787,31
3701153836,31
3701153956,3188
3701154464,68
3701154496,61
3701154498,53
3701154526,14
3701154588,4
3701154588,96
3701154588,12
3701154675,75
3701154688,100
3701154727,88
3701154758,68
3701154767,27
3701154958,61
3701155279,27
3701155378,27
3701155578,27
3701155623,10
3701155654,14
3701155717,14
3701155903,27
3701155920,96
3701156168,61
3701156276,96
3701156295,42
3701156318,3188
3701156319,27
3701156401,139
3701156562,9
3701156575,119
3701156600,27
3701156662,31
3701156765,31
3701156766,65
3701156766,34
3701156766,23
3701157168,61
3701157216,61
3701157285,61
3701157291,27
3701157297,27
3701157340,31
3701157419,31
3701157441,27
3701157505,27
3701157506,1
3701157620,14
3701157764,27
3701157902,44
3701158045,68
3701158059,27
3701158118,27
3701158169,44
3701158205,55
3701158294,133
3701158299,50
3701158344,88
3701158367,31
3701158401,27
3701158492,3192
3701158605,44
3701158832,14
3701159014,96
3701159084,96
3701159256,88
3701159283,27
3701159341,116
3701159341,47
3701159341,4
3701159392,119
3701159970,75
3701160090,61
3701160111,27
3701160122,27
3701160138,3188
3701160253,52
3701160356,3192
3701160465,133
3701160547,3188
3701160671,31
3701161109,88
3701161199,3188
3701161268,27
3701161764,14
3701161847,59
3701161847,51
3701162011,27
3694124274,59
3701162362,86
3701163066,31
3701163113,27
3701164045,44
3701164194,91
3701164540,14
3701165988,135
3701166406,122
3701168388,44
3701168522,15
3701170022,91
3701170334,52
3701173707,144
3701174380,123
3701175341,126
3701175717,92
3701175896,23
3701180028,22
3701183919,44
3701183922,44
3701183926,44
3701183930,44
3701183962,14
3701183976,59
3701183976,57
3701184819,67
3701184832,69
3701184956,44
3701184957,44
3701184964,44
3701185531,69
3701185575,75
3701185591,68
3701185626,44
3701185627,44
3701185628,44
3701185635,44
3701185638,44
3701185639,44
3701185669,100
3701185704,112
3701185718,48
3701185919,96
3701186375,69
3701186489,44
3701186491,44
3701186502,44
3701186504,44
3701187313,67
3701187449,44
3701187453,12
3701187453,24
3701187453,17
3701187459,44
3701187462,44
3701187463,44
3701187566,54
3701188125,67
3701188239,44
3701188290,143
3701189036,68
3701189058,104
3701189071,44
3701189173,59
3701189173,112
3701189173,48
3701190007,68
3701190043,44
3701190047,44
3701190054,44
3701190122,43
3701190745,43
3701192011,142
3701192564,96
3701192828,96
3701193101,43
3701193158,55
3701193566,11
3701193844,96
3701193870,53
3701193874,45
3701193874,46
3701193874,41
3701193877,57
3701193886,43
3701194236,96
3701194811,43
3701194827,14
3701194879,96
3701194879,4
3701194879,118
3701194907,104
3701194943,3
3701194943,4
3701194943,5
3701194968,44
3701195453,96
3701195579,42
3701195611,82
3701195611,80
3701195666,104
3701195768,96
3701195789,57
3701195818,104
3701195875,14
3701195955,104
3694151387,9
3699429466,104
3699429467,104
3699432359,104
3699432400,94
3701195958,3
3701195958,4
3701195958,5
3701195961,57
3701195988,44
3701195991,104
3701195995,68
3701195998,96
3701195999,53
3701196373,75
3701196501,82
3701196501,80
3701196515,43
3701196532,70
3701196532,15
3701196532,12
3701196571,82
3701196571,80
3701196610,82
3701196610,80
3701196646,82
3701196646,80
3701196742,96
3701196750,25
3701196760,33
3701196762,104
3701196762,96
3701196783,82
3701196783,80
3701196784,11
3701196798,100
3701196801,9
3701196805,18
3701196806,34
3701196806,23
3701196809,8
3701196822,43
3701196822,46
3701196822,106
3701196826,84
3701196834,43
3701196838,80
3701196847,41
3701196856,47
3701196856,53
3701196856,43
3701196860,68
3701196862,17
3701196867,82
3701196867,80
3701196870,82
3701196870,80
3701196881,12
3701196882,1
3701196884,42
3701196886,82
3701196886,80
3701196887,14
3701196889,96
3701196891,75
3701196893,4
3701196896,82
3701196896,80
3701196915,42
3701196915,45
3701196915,41
3701196916,118
3701196916,3
3701196916,5
3701196921,12
3701196921,15
3701196922,135
3701196922,147
3701196922,55
3701196929,49
3701196929,25
3701196929,48
3701196939,47
3701196939,43
3701196939,46
3701196940,124
3701196941,3231
3701196957,104
3701196958,104
3701196959,104
3701196963,96
3701196965,96
3701196967,96
3701197416,137
3701197445,104
3701197459,86
3701197461,82
3701197461,80
3701197569,3
3701197569,4
3701197569,5
3701197603,96
3701197604,82
3701197604,80
3701197647,34
3701197647,23
3701197654,82
3701197654,80
3701197676,116
3701197689,14
3701197703,27
3701197706,14
3701197707,14
3701197708,82
3701197708,80
3701197714,3
3701197714,4
3701197714,5
3701197725,1594
3701197725,84
3701197725,14
3701197735,4
3701197735,6
3701197735,100
3701197736,82
3701197736,80
3701197737,96
3701197739,48
3701197747,9
3701197756,75
3701197756,148
3701197759,51
3701197764,82
3701197764,80
3701197770,99
3694151393,52
3694153334,104
3694154178,133
3701197782,137
3701197783,84
3701197784,69
3701197786,32
3701197797,104
3701197800,24
3701197800,147
3701197800,96
3701197802,146
3701197812,133
3701197813,53
3701197827,87
3701197838,47
3701197841,104
3701197845,34
3701197845,56
3701197845,52
3701197855,9
3701197860,23
3701197876,48
3701197876,49
3701197876,129
3701197918,104
3701197921,137
3701197921,4
3701197921,96
3701197926,14
3701197934,96
3701197934,8
3701197934,36
3701197942,82
3701197942,80
3701197948,23
3701197948,135
3701197948,25
3701197949,82
3701197949,80
3701197961,137
3701197961,100
3701197962,139
3701197969,47
3701197970,104
3701197971,9
3701197975,118
3701197975,14
3701197990,14
3701197995,96
3701197996,104
3701198322,100
3701198363,96
3701198392,15
3701198406,27
3701198542,31
3701198595,80
3701198625,33
3701198654,128
3701198654,44
3701198654,43
3701198666,82
3701198666,80
3701198683,3
3701198683,4
3701198683,5
3701198686,25
3701198686,137
3701198686,112
3701198706,42
3701198709,49
3701198711,132
3701198715,82
3701198715,80
3701198718,14
3701198718,4
3701198722,14
3701198734,104
3701198739,41
3701198745,43
3701198750,17
3701198751,9
3701198751,10
3701198752,48
3701198752,44
3701198753,55
3701198753,147
3701198753,54
3701198757,143
3701198763,82
3701198763,80
3701198778,135
3701198778,55
3701198778,25
3701198791,43
3701198791,129
3701198791,4
3701198795,42
3701198836,9
3701198846,23
3701198847,4
3701198864,96
3701198879,12
3701198879,15
3701198896,47
3701198896,43
3701198896,44
3701198906,104
3701198908,4
3701198908,96
3701198908,84
3701198909,4
3701198911,42
3701198913,100
3701198913,76
3701198913,15
3701198915,135
3701198915,147
3701198915,61
3701198925,143
3701198927,96
3701198937,139
3701198940,52
3701198950,53
3701198952,43
3701199212,72
3701199255,14
3701199275,43
3701199278,5
3701199278,4
3701199278,96
3701199297,47
3701199297,1
3701199297,43
3701199307,112
3701199333,143
3701199333,19
3701199377,10
3701199377,9
3701199402,14
3701199421,44
3701199425,104
3701199444,96
3701199497,43
3701199497,42
3701199502,3
3701199502,4
3701199502,5
3701199523,3
3701199523,4
3701199523,5
3701199541,3
3701199541,4
3701199541,5
3701199551,53
3701199554,4
3701199578,96
3701199582,104
3694149802,27
3694150804,48
3694150804,50
3694150804,51
3694151415,3231
3701199593,14
3701199596,4
3701199598,41
3701199598,43
3701199598,45
3701199599,82
3701199599,80
3701199611,11
3701199617,44
3701199634,50
3701199634,37
3701199634,100
3701199643,82
3701199643,80
3701199646,146
3701199647,80
3701199649,57
3701199654,96
3701199656,82
3701199656,80
3701199663,56
3701199664,92
3701199667,47
3701199673,96
3701199675,51
3701199681,104
3701199686,49
3701199692,11
3701199693,19
3701199694,44
3701199707,137
3701199710,104
3701199712,96
3701199716,104
3701199716,17
3701199717,14
3701199719,139
3701199723,14
3701199733,34
3701199736,43
3701199736,46
3701199736,42
3701199737,112
3701199744,96
3701199792,63
3701199792,16
3701199799,129
3701199799,94
3701199807,99
3701199818,13
3701199818,14
3701199820,82
3701199820,80
3701199823,14
3701199829,48
3701199833,15
3701199844,96
3701199847,41
3701199847,47
3701199847,43
3701199849,96
3701199850,41
3701199850,43
3701199850,106
3701199851,15
3701199851,12
3701199855,139
3701199856,41
3701199856,45
3701199875,112
3701199876,50
3701199877,137
3701199962,104
3701199991,103
3701199997,104
3701300098,96
3701300194,43
3701300264,104
3701300289,43
3701300310,50
3701300310,48
3701300310,99
3701300376,144
3701300439,23
3701300442,96
3701300470,43
3701300487,104
3701300495,43
3701300514,104
3701300519,82
3701300519,80
3701300523,3
3701300523,4
3701300523,5
3701300525,96
3701300529,68
3701300549,96
3701300550,82
3701300550,80
3701300552,43
3701300555,4
3701300556,104
3701300562,82
3701300562,80
3701300573,82
3701300573,80
3701300574,11
3701300579,80
3701300581,84
3701300587,27
3701300587,142
3701300605,3211
3701300606,14
3701300606,4
3701300611,3
3701300611,17
3701300611,135
3701300616,15
3701300616,12
3701300616,70
3701300631,48
3701300631,51
3701300635,17
3701300644,106
3701300649,78
3701300654,30
3701300677,4
3701300686,96
3701300687,143
3701300699,4
3701300731,69
3701300731,67
3701300738,108
3701300741,96
3701300744,57
3701300745,82
3701300745,80
3701300751,96
3701300752,104
3701300753,4
3701300755,143
3701300757,96
3701300763,43
3701300764,96
3701300764,53
3701300777,100
3701300778,43
3701300783,14
3701300783,12
3701300783,15
3701300785,41
3701300785,43
3701300788,25
3701300795,96
3701300810,112
3701300810,54
3701300813,104
3701300814,57
3701300816,100
3701300816,67
3701300816,137
3701300819,104
3701300835,104
3701300918,104
3701300921,104
3701300931,104
3701300933,104
3701300963,43
3701301007,86
3701301133,80
3701301140,104
3701301146,82
3701301146,80
3701301154,94
3701301155,43
3701301158,48
3701301165,44
3701301173,67
3701301174,91
3701301176,104
3701301177,14
3701301191,57
3701301207,43
3701301214,25
3701301214,97
3701301214,147
3701301218,44
3701301227,57
3701301230,48
3701301230,53
3701301230,135
3701301236,50
3701301237,82
3701301237,80
3701301239,92
3701301247,96
3701301251,104
3701301251,43
3701301261,96
3701301261,84
3701301263,25
3701301266,82
3701301266,80
3701301273,104
3701301278,5
3701301278,6
3701301278,84
3701301282,44
3701301282,46
3701301284,42
3701301296,146
3701301302,98
3701301303,60
3701301311,104
3701301313,87
3701301313,146
3701301313,93
3701301314,27
3701301324,82
3701301324,80
3701301329,96
3701301329,118
3701301329,4
3701301331,96
3701301335,104
3701301339,96
3701301343,104
3701301366,99
3701301373,43
3701301373,42
3701301391,27
3701301393,3
3701301393,135
3701301393,91
3701301450,96
3701301456,48
3701301456,44
3701301462,96
3701301471,145
3701301477,23
3701301478,9
3701301484,124
3701301490,82
3701301490,80
3701301491,104
3701301494,48
3701301500,68
3701301501,82
3701301501,80
3701301507,82
3701301507,80
3701301508,17
3701301508,15
3701301508,4
3701301516,139
3701301517,135
3701301524,27
3701301540,96
3701301558,110
3694147997,3222
3694148899,3222
3694148909,3222
3694149821,3222
3694149824,3222
3694149825,3222
3694149832,3222
3694150824,3222
3694150832,3222
3694150835,3222
3694151453,3222
3694151457,3222
3694152269,3222
3694152272,3222
3694152285,3222
3694153312,3222
3694153313,3222
3694153513,80
3694153513,97
3694154176,3222
3694154180,3222
3694154184,3222
3694154196,3222
3694155000,3222
3694155003,3222
3694155005,3222
3694155008,3222
3694155009,3222
3701301655,104
3701301660,104
3701301665,41
3701301665,91
3701301665,69
3701301674,104
3701301676,104
3701301780,55
3701301780,53
3701301780,147
3701301806,4
3701301806,57
3701301806,96
3701301814,46
3701301814,45
3701301816,51
3701301831,41
3701301837,84
3701301852,47
3701301855,96
3701301928,46
3701301928,43
3701301928,106
3701301930,82
3701301930,80
3701301954,82
3701301954,80
3701301955,43
3701301955,41
3701301955,47
3701301958,124
3701301975,6
3701301977,104
3701301983,77
3701301983,71
3701301983,1
3701301985,96
3701302046,82
3701302046,80
3701302059,96
3701302061,15
3701302061,12
3701302061,17
3701302062,82
3701302062,80
3701302063,92
3701302081,96
3701302092,44
3701302103,43
3701302109,126
3701302111,42
3701302117,104
3701302130,42
3701302136,6
3701302138,14
3701302147,133
3701302151,92
3701302152,96
3701302153,104
3701302154,14
3701302163,25
3701302163,91
3701302163,15
3701302166,42
3701302168,96
3701302173,96
3701302182,82
3701302182,80
3701302204,60
3701302207,42
3701302208,44
3701302210,96
3701302223,82
3701302223,80
3701302242,47
3701302242,43
3701302246,43
3701302248,124
3701302250,33
3701302262,104
3701302263,17
3701302279,53
3701302279,25
3701302301,43
3701302307,80
3701302328,96
3701302328,112
3701302328,3
3701302339,82
3701302339,80
3701302341,11
3694151679,68
3694153542,8
3694158009,49
3694158039,69
3701302343,9
3701302345,104
3701302353,63
3701302358,104
3701302367,4
3701302367,138
3701302367,122
3701302369,41
3701302374,48
3701302381,124
3701302381,15
3701302381,14
3701302395,96
3701302395,47
3701302395,4
3701302396,14
3701302398,43
3701302400,14
3701302406,31
3701302517,104
3701302521,104
3701302660,53
3701302662,50
3701302664,96
3701302667,96
3701302695,42
3701302695,14
3701302699,135
3701302716,44
3701302754,43
3701302758,104
3701302759,96
3701302760,43
3701302760,44
3701302762,6
3701302763,91
3701302763,96
3701302763,87
3701302764,43
3701302764,41
3701302764,47
3701302770,6
3701302783,12
3701302785,126
3701302791,128
3701302791,44
3701302792,96
3701302809,10
3701302813,9
3701302814,137
3701302818,27
3701302820,96
3701302827,56
3701302828,15
3701302828,135
3701302837,69
3701302837,67
3701302838,82
3701302838,80
3701302846,82
3701302846,80
3701302849,96
3701302849,75
3701302850,27
3701302976,9
3701303005,104
3701303007,14
3701303009,3
3701303009,4
3701303009,5
3701303011,147
3701303011,52
3701303011,112
3701303016,82
3701303016,80
3701303018,57
3701303025,41
3701303028,82
3701303028,80
3701303029,57
3701303031,146
3701303031,25
3701303031,23
3701303037,139
3701303042,139
3701303043,96
3701303046,104
3701303046,137
3701303048,112
3701303049,11
3701303049,48
3701303053,96
3701303055,15
3701303055,17
3701303057,56
3701303066,96
3701303071,96
3701303077,25
3701303077,133
3701303077,19
3701303078,4
3701303080,30
3701303080,94
3701303080,128
3701303082,100
3701303083,14
3701303091,104
3701303092,82
3701303092,80
3701303097,100
3701303098,146
3701303102,104
3701303104,96
3701303110,27
3701303110,25
3701303115,82
3701303115,80
3701303126,100
3701303132,25
3701303149,118
3701303169,43
3701303193,42
3701303205,19
3701303213,139
3701303221,48
3701303229,48
3701303235,47
3701303238,82
3701303238,80
3701303241,48
3701303244,104
3701303248,96
3701303250,43
3701303253,9
3701303262,14
3701303269,135
3701303269,114
3701303450,43
3701303450,41
3701303450,45
3694133211,96
3701303532,135
3701303532,53
3701303554,25
3701303563,44
3701303608,41
3701303608,45
3701303608,43
3701303639,4
3701303639,96
3701303661,28
3701303661,31
3701303661,30
3701303663,15
3701303663,17
3701303665,43
3701303668,59
3701303674,96
3701303676,82
3701303676,80
3701303689,49
3701303710,96
3701303715,80
3701303715,99
3701303724,80
3701303725,104
3701303729,43
3701303730,104
3701303730,6
3701303730,84
3701303749,43
3701303754,146
3701303755,47
3701303755,15
3701303755,124
3701303962,4
3701303962,80
3701303962,96
3701303988,96
3701304011,104
3701304024,96
3701304030,48
3701304034,42
3701304036,96
3701304036,116
3701304037,75
3701304040,10
3701304047,8
3701304050,82
3701304050,80
3701304053,6
3701304058,139
3701304061,52
3701304066,96
3701304068,42
3701304068,43
3701304076,9
3701304087,53
3701304087,102
3701304087,116
3701304323,57
3701304329,96
3701304331,41
3701304336,42
3701304336,14
3701304360,82
3701304360,80
3701304375,43
3701304375,96
3701304425,129
3701304425,4
3701304427,6
3701304434,10
3701304441,43
3701304450,82
3701304450,80
3701304463,82
3701304463,80
3701304474,96
3701304475,43
3701304475,47
3701304475,46
3701304484,14
3701304489,104
3701304492,100
3701304493,122
3701304493,48
3701304495,14
3701304501,6
3701304502,146
3701304502,93
3701304502,87
3701304516,96
3701304529,104
3701304531,96
3701304831,112
3701304831,116
3701304851,112
3701304902,15
3701304906,96
3701304908,30
3701304913,96
3701304920,68
3701304924,70
3701304933,82
3701304933,80
3701304934,69
3701304934,122
3701304934,84
3701304956,47
3701304968,92
3701304968,116
3701304968,87
3701304971,88
3701304973,104
3701305067,104
3701305100,104
3701305101,104
3701305188,83
3701305242,53
3701305249,44
3701305251,135
3701305251,114
3701305340,25
3701305341,96
3701305345,96
3701305352,43
3701305352,46
3694137004,144
3694151722,137
3694154345,96
3694154345,14
3694154345,123
3694155249,96
3694155255,70
3694155272,68
3694155279,68
3694156046,96
3694158084,43
3694158105,17
3701305376,11
3701305377,124
3701305378,88
3701305378,100
3701305378,90
3701305386,82
3701305386,80
3701305387,42
3701305392,43
3701305410,117
3701305411,43
3701305411,42
3701305411,41
3701305414,27
3701305424,69
3701305427,48
3701305427,91
3701305510,96
3701305802,82
3701305802,80
3701305814,88
3701305814,139
3701305814,14
3701305815,82
3701305815,80
3701305817,96
3701305835,82
3701305835,80
3701305836,80
3701305839,57
3701305851,96
3701305851,6
3701305851,4
3701305855,51
3701305855,48
3701305856,51
3701305867,43
3701305868,23
3701305891,14
3701305891,4
3701305895,96
3701305896,138
3701305899,88
3701305900,88
3701305901,96
3701305901,118
3701305901,5
3701305934,82
3701305934,80
3701305938,88
3701305939,82
3701305939,80
3701305940,80
3701305947,96
3701305951,27
3701305956,44
3701305967,42
3701305967,43
3701305968,96
3701305970,14
3701305982,58
3701305991,99
3701305995,43
3701305997,43
3701305997,113
3701306205,27
3701306205,22
3701306231,96
3701306252,99
3701306268,141
3701306270,58
3701306298,33
3701306319,17
3701306319,13
3701306319,14
3701306322,53
3701306322,112
3701306322,24
3701306325,104
3701306331,82
3701306331,80
3701306336,96
3701306342,46
3701306342,43
3701306342,106
3701306355,27
3701306362,57
3701306370,14
3701306373,69
3701306373,14
3701306375,41
3701306377,42
3701306387,82
3701306387,80
3701306392,96
3701306399,31
3701306399,34
3701306406,96
3701306412,96
3701306417,96
3701306420,146
3701306421,82
3701306421,80
3701306745,100
3701306827,15
3701306827,17
3701306827,13
3701306830,53
3701306830,116
3701306830,93
3701306832,82
3701306832,80
3701306834,43
3701306834,46
3701306840,43
3701306840,31
3701306844,104
3701306845,37
3701306845,101
3701306850,96
3701306850,75
3701306856,26
3701306856,60
3701306856,27
3701306867,17
3701306889,88
3701306903,14
3701306922,96
3701306922,42
3701306923,88
3701306925,88
3701306943,82
3701306943,80
3701306945,48
3701306957,47
3701306957,43
3701306959,82
3701306959,80
3701306960,4
3701306966,43
3701306991,104
3701306993,57
3701306993,48
3694135656,43
3694135656,27
3694137459,43
3694137459,27
3694138388,43
3694138388,27
3694139185,43
3694139185,27
3694155334,43
3694155341,14
3701306999,6
3701307005,104
3701307130,43
3701307149,82
3701307149,80
3701307158,32
3701307186,139
3701307186,14
3701307241,104
3701307241,14
3701307250,96
3701307267,3231
3701307269,82
3701307269,80
3701307271,43
3701307275,14
3701307275,42
3701307275,43
3701307291,43
3701307291,45
3701307292,112
3701307305,82
3701307305,80
3701307307,96
3701307310,51
3701307311,96
3701307313,82
3701307313,80
3701307314,96
3701307314,3
3701307314,4
3701307319,82
3701307319,80
3701307320,11
3701307322,43
3701307322,11
3701307678,46
3701307682,75
3701307682,86
3701307697,75
3701307697,86
3701307710,27
3701307719,92
3701307719,116
3701307719,87
3701307723,96
3701307724,25
3701307724,23
3701307736,41
3701307736,43
3701307736,45
3701307739,135
3701307739,54
3701307748,96
3701307754,100
3701307790,88
3701307794,88
3701307795,88
3701307796,88
3701307798,106
3701307802,88
3701307803,135
3701307818,80
3701307818,124
3701307818,14
3701307824,34
3701307824,23
3701307824,25
3701307837,96
3701307842,10
3701307844,44
3701307848,104
3701307852,15
3701307852,17
3701307852,13
3701307873,6
3701307887,6
3701307888,96
3701307892,96
3701307900,48
3701307914,31
3701307919,31
3701307951,6
3701307982,59
3701308043,33
3701308059,104
3701308083,104
3701308110,48
3701308110,51
3701308110,50
3701308126,96
3701308158,4
3701308159,47
3701308172,44
3701308174,9
3701308174,10
3701308182,14
3701308183,96
3701308193,69
3701308193,14
3701308204,27
3701308207,68
3701308209,96
3701308216,83
3701308219,37
3701308224,96
3701308226,146
3701308229,43
3701308229,11
3701308230,96
3701308231,14
3701308231,54
3701308231,148
3701308248,96
3701308249,43
3701308250,82
3701308250,80
3694142016,139
3694152621,96
3694153626,48
3694155384,17
3694155384,15
3694156195,41
3694156250,7
3701308251,44
3701308256,53
3701308393,82
3701308393,80
3701308599,104
3701308599,14
3701308630,104
3701308684,63
3701308689,14
3701308691,96
3701308691,104
3701308696,11
3701308696,4
3701308696,3
3701308709,44
3701308709,129
3701308713,104
3701308719,82
3701308719,80
3701308722,104
3701308722,43
3701308722,41
3701308741,96
3701308742,57
3701308748,137
3701308748,84
3701308750,88
3701308754,43
3701308754,46
3701308754,106
3701308755,30
3701308756,17
3701308757,88
3701308793,88
3701308794,88
3701308799,88
3701308803,4
3701308804,14
3701308805,82
3701308805,80
3701308824,43
3701308826,43
3701308830,10
3701308838,49
3701308840,82
3701308840,80
3701308843,23
3701308848,135
3701308857,135
3701308859,10
3701308864,4
3701308865,104
3701308868,100
3701308870,100
3701308872,31
3701308901,31
3701308901,32
3701308920,96
3701308957,68
3701308973,25
3701309003,43
3701309003,106
3701309003,46
3701309007,25
3701309010,106
3701309012,82
3701309012,80
3701309017,43
3701309017,11
3701309026,100
3701309034,59
3701309255,43
3701309413,46
3701309417,80
3701309419,82
3701309419,80
3701309428,96
3701309435,96
3701309443,43
3701309443,41
3701309443,45
3701309445,80
3701309446,48
3701309447,96
3701309447,27
3701309447,116
3701309450,14
3701309476,82
3701309476,80
3701309477,88
3701309501,69
3701309507,88
3701309509,75
3701309512,88
3701309515,117
3701309515,17
3701309534,96
3701309542,43
3701309565,86
3701309572,37
3701309575,96
3701309576,96
3701309582,44
3701309588,31
3701309607,55
3701309610,8
3701309626,57
3701309738,1359
3701309756,1359
3701309774,19
3701309791,12
3701309791,15
3701309795,53
3701309803,96
3701309843,96
3701309843,53
3701309861,44
3701309872,139
3701309913,27
3701309913,19
3701309913,143
3701309914,96
3701309933,68
3701309964,104
3701309969,75
3701309969,148
3701309969,137
3701309971,49
3701309983,12
3701309983,15
3701309987,82
3701309987,80
3701309992,80
3694153713,43
3694153713,4
3699432419,27
3699433208,27
3699435150,27
3701310125,43
3701310197,96
3701310201,18
3701310204,51
3701310204,48
3701310204,128
3701310207,112
3701310213,19
3701310220,100
3701310224,82
3701310224,80
3701310226,55
3701310226,57
3701310226,34
3701310237,8
3701310242,104
3701310254,55
3701310254,57
3701310254,34
3701310256,96
3701310275,31
3701310277,82
3701310277,80
3701310280,88
3701310285,104
3701310286,16
3701310292,82
3701310292,80
3701310321,31
3701310323,88
3701310325,88
3701310333,68
3701310334,28
3701310353,44
3701310354,14
3701310358,52
3701310358,1
3701310360,82
3701310360,80
3701310368,48
3701310375,45
3701310375,41
3701310375,43
3701310376,23
3701310387,100
3701310390,82
3701310390,80
3701310406,33
3701310414,31
3701310416,31
3701310433,42
3701310433,14
3701310438,48
3701310438,51
3701310438,59
3701310440,6
3701310450,57
3701310459,82
3701310459,80
3701310462,4
3701310491,43
3701310499,27
3701310537,1359
3701310553,27
3701310575,27
3701310593,27
3701310593,25
3701310593,6
3701310634,135
3701310637,88
3701310641,82
3701310641,80
3701310667,104
3701310693,59
3701310699,121
3701310714,9
3701310717,19
3701310717,27
3701310733,104
3701310738,23
3701310770,27
3701310772,104
3701310776,57
3701310776,25
3701310776,55
3701310820,104
3701310820,137
3701310859,96
3701310872,43
3701310889,31
3701310889,32
3701310911,49
3701310912,82
3701310912,80
3701310922,96
3701310927,104
3701310927,14
3701310944,116
3701310952,144
3701310953,104
3701310988,27
3701311082,96
3701311133,88
3701311174,110
3701311176,88
3701311177,88
3701311182,104
3701311186,39
3701311194,9
3701311194,96
3701311194,84
3701311196,80
3701311199,14
3701311203,104
3701311203,14
3699432420,27
3701311219,82
3701311219,80
3701311227,100
3701311247,3242
3701311257,31
3701311269,82
3701311269,80
3701311283,96
3701311289,57
3701311309,43
3701311361,112
3701311384,112
3701311395,27
3701311415,104
3701311431,27
3701311431,25
3701311431,6
3701311448,80
3701311449,43
3701311449,42
3701311449,46
3701311462,43
3701311567,4
3701311584,14
3701311584,139
3701311584,100
3701311607,49
3701311632,82
3701311632,80
3701311658,34
3701311663,1
3701311668,34
3701311689,55
3701311689,47
3701311689,43
3701311700,82
3701311700,80
3701311716,92
3701311723,14
3701311740,27
3701311752,37
3701311752,68
3701311762,44
3701311777,126
3701311779,96
3701311788,57
3701311788,96
3701311788,59
3701311795,14
3701311807,14
3701311819,96
3701311819,43
3701311823,82
3701311823,80
3701311847,27
3701311880,43
3701311903,1
3701311904,26
3701311904,31
3701311904,88
3701311918,96
3701311918,148
3701311933,4
3701311937,14
3701311994,55
3701312001,96
3701312005,88
3701312006,88
3701312007,88
3701312012,88
3701312029,104
3701312032,14
3701312032,96
3701312032,6
3701312035,51
3701312038,37
3701312039,44
3701312043,82
3701312043,80
3701312050,58
3701312053,82
3701312053,80
3701312056,75
3701312056,86
3701312059,11
3701312065,23
3701312070,23
3701312070,34
3701312070,91
3701312076,100
3701312077,80
3701312085,19
3701312091,96
3701312094,82
3701312094,80
3701312095,99
3701312100,10
3701312102,31
3701312112,3231
3701312194,11
3701312205,104
3701312205,137
3701312210,82
3701312210,80
3701312262,96
3701312268,27
3701312287,24
3701312287,112
3701312287,3
3701312303,132
3701312327,135
3701312381,82
3701312381,80
3701312382,27
3701312456,34
3701312518,25
3701312518,43
3701312518,44
3701312533,48
3701312535,57
3701312543,96
3701312549,91
3701312549,23
3701312549,34
3701312573,13
3701312573,14
3701312591,12
3701312609,14
3701312620,34
3701312624,34
3701312625,68
3701312679,96
3701312703,4
3701312705,96
3701312711,82
3701312711,80
3701312713,50
3701312713,51
3701312713,86
3701312718,4
3701312721,43
3701312739,4
3701312788,48
3701312798,8
3694152760,4
3694156357,4
3701312799,48
3701312817,25
3701312862,4
3701312886,43
3701312888,50
3701312888,99
3701312897,96
3701312920,3224
3701312921,3224
3701312944,139
3701312953,104
3701312954,139
3701312955,139
3701312961,59
3701312962,84
3701312962,4
3701312971,34
3701312973,9
3701312973,10
3701312984,48
3701313006,100
3701313012,96
3701313025,80
3701313027,4
3701313028,7
3701313036,31
3701313037,31
3701313038,31
3701313075,10
3701313094,43
3701313098,82
3701313098,80
3701313101,96
3701313225,27
3701313225,25
3701313225,6
3701313242,1359
3701313246,9
3701313253,96
3701313263,49
3701313281,49
3701313295,96
3701313345,1359
3701313393,96
3701313461,34
3701313461,23
3701313461,65
3701313521,96
3701313527,75
3701313527,43
3701313527,96
3701313538,116
3701313546,34
3701313554,34
3701313555,96
3701313588,100
3701313599,104
3701313620,96
3701313623,82
3701313623,80
3701313654,12
3701313682,43
3701313692,104
3701313702,4
3701313707,4
3701313731,53
3701313753,112
3701313760,48
3701313830,43
3701313835,43
3701313842,100
3701313860,112
3701313866,3224
3701313867,3224
3701313893,14
3701313897,14
3701313899,59
3701313901,84
3701313901,4
3701313904,49
3701313916,25
3701313923,25
3701313924,14
3701313926,104
3701313927,13
3701313930,82
3701313930,80
3701313931,27
3701313944,139
3701313947,82
3701313947,80
3701313948,54
3701313958,27
3701313975,13
3701313980,68
3701313985,104
3701314001,91
3701314001,22
3701314001,143
3701314004,69
3701314006,82
3701314006,80
3701314013,100
3701314026,31
3701314027,31
3701314029,31
3701314039,6
3701314060,48
3701314060,51
3701314060,59
3701314061,133
3701314061,116
3701314188,106
3701314197,112
3701314209,135
3701314222,135
3701314225,135
3701314241,47
3701314252,1359
3701314303,26
3701314303,31
3701314303,88
3701314304,112
3701314312,48
3701314317,31
3694151911,43
3694151911,6
3694151928,17
3694154683,12
3694154683,70
3694156400,17
3694158310,17
3694158311,75
3701314322,43
3701314330,44
3701314332,52
3701314342,6
3701314345,48
3701314349,11
3701314365,82
3701314365,80
3701314380,54
3701314394,34
3701314404,82
3701314404,80
3701314425,4
3701314432,19
3701314432,27
3701314442,19
3701314485,48
3701314502,96
3701314507,14
3701314523,52
3701314524,34
3701314526,34
3701314531,96
3701314546,14
3701314621,1862
3701314621,19
3701314646,96
3701314658,4
3701314664,50
3701314664,51
3701314664,86
3701314666,4
3701314684,37
3701314684,10
3701314685,4
3701314726,47
3701314751,48
3701314753,8
3701314754,48
3701314755,8
3701314756,54
3701314769,82
3701314769,67
3701314805,43
3701314806,43
3701314811,100
3701314812,43
3701314827,96
3701314839,44
3701314849,42
3701314849,51
3701314849,48
3701314861,3224
3701314864,3224
3701314883,84
3701314883,4
3701314889,59
3701314892,112
3701314892,24
3701314896,96
3701314906,25
3701314908,1
3701314908,70
3701314916,27
3701314918,27
3701314932,17
3701314936,104
3701314936,15
3701314936,14
3701314965,82
3701314965,80
3701314968,27
3701314970,27
3701314973,96
3701314977,44
3701315028,28
3701315090,104
3701315099,82
3701315099,80
3701315110,104
3701315122,1359
3701315128,135
3701315135,105
3701315135,104
3701315138,19
3701315138,27
3701315141,135
3701315142,68
3701315148,104
3701315148,14
3701315194,112
3701315205,9
3701315286,48
3701315294,70
3701315349,1
3701315355,34
3701315355,25
3701315355,112
3701315379,112
3701315393,42
3701315399,96
3694152808,49
3694155513,118
3694155532,48
3694156410,4
3701315401,92
3701315406,9
3701315408,96
3701315412,91
3701315417,92
3701315417,116
3701315430,14
3701315430,124
3701315430,31
3701315446,117
3701315471,96
3701315502,104
3701315508,55
3701315508,47
3701315508,43
3701315512,82
3701315512,80
3701315536,82
3701315536,80
3701315548,82
3701315548,80
3701315556,96
3701315560,4
3701315586,70
3701315609,48
3701315610,48
3701315612,14
3701315612,100
3701315612,139
3701315646,82
3701315646,80
3701315690,43
3701315691,43
3701315701,14
3701315706,26
3701315732,54
3701315733,75
3701315750,1810
3701315753,96
3701315754,139
3701315760,139
3701315763,67
3701315764,139
3701315765,34
3701315772,28
3701315772,80
3701315772,126
3701315773,59
3701315785,4
3701315786,8
3701315787,14
3701315788,96
3701315788,4
3701315794,27
3701315798,55
3701315798,23
3701315798,34
3701315803,75
3701315816,15
3701315824,96
3701315826,27
3701315830,14
3701315837,104
3701315837,48
3701315856,96
3701315873,43
3701315902,4
3701315907,104
3701315909,104
3701315910,104
3701315931,104
3701315932,104
3701315973,124
3701315973,14
3701315973,13
3701315990,4
3701316020,27
3701316020,25
3701316020,6
3701316024,27
3701316039,27
3701316039,25
3701316039,6
3701316070,139
3701316070,14
3701316070,13
3701316102,83
3701316107,1359
3701316127,82
3701316127,80
3701316158,4
3701316162,1359
3701316170,14
3701316170,139
3701316170,100
3701316230,126
3701316267,14
3701316270,48
3701316276,80
3701316285,143
3701316285,19
3701316297,96
3701316306,3197
3701316307,82
3701316307,80
3701316315,27
3701316318,48
3701316318,50
3701316325,94
3701316325,52
3701316325,92
3701316334,48
3701316339,96
3701316356,42
3701316356,43
3701316363,96
3701316371,4
3701316380,96
3701316435,11
3701316441,43
3701316483,104
3701316486,96
3701316491,4
3701316506,27
3701316516,4
3701316520,41
3701316554,4
3701316554,102
3701316554,127
3694154742,43
3699428884,133
3699428884,49
3699428884,48
3699429561,133
3699429561,49
3699429561,48
3699430619,133
3699430619,49
3699430619,48
3699430620,133
3699430620,49
3699430620,48
3699432445,133
3699432445,49
3699432445,48
3699434191,53
3701316564,48
3701316579,82
3701316579,80
3701316584,121
3701316585,121
3701316586,42
3701316600,27
3701316602,25
3701316613,48
3701316646,43
3701316651,43
3701316657,43
3701316659,17
3701316662,43
3701316669,8
3701316690,3224
3701316692,85
3701316699,3224
3701316703,82
3701316703,80
3701316706,139
3701316708,139
3701316713,91
3701316713,34
3701316713,31
3701316714,1
3701316714,70
3701316719,144
3701316720,96
3701316721,99
3701316723,1
3701316723,70
3701316729,84
3701316729,4
3701316735,48
3701316736,96
3701316738,49
3701316739,17
3701316761,48
3701316765,14
3701316778,96
3701316792,135
3701316792,112
3701316792,23
3701316797,27
3701316799,19
3701316802,27
3701316811,82
3701316811,80
3701316815,42
3701316822,68
3701316826,14
3701316831,27
3701316835,58
3701316835,51
3701316883,104
3701316895,104
3701316900,13
3701316902,68
3701316943,124
3701316943,14
3701316943,13
3701316944,59
3701316946,59
3701316953,124
3701316953,14
3701316953,13
3701316954,43
3701316956,75
3701316965,147
3701316965,112
3701316970,75
3701316972,48
3701316975,42
3701317001,57
3701317001,135
3701317055,69
3701317060,96
3701317068,82
3701317068,80
3701317071,12
3701317075,75
3701317075,43
3701317075,96
3701317091,112
3701317116,32
3701317120,34
3701317122,82
3701317122,80
3701317133,20
3701317133,33
3701317133,78
3701317144,48
3701317150,82
3701317150,80
3701317153,96
3701317158,4
3701317207,47
3701317208,148
3701317208,14
3701317208,43
3701317218,19
3701317221,96
3694153900,43
3699428886,96
3699432491,80
3699433244,116
3699434193,96
3699434194,96
3699435188,116
3701317225,50
3701317225,51
3701317225,86
3701317226,104
3701317226,48
3701317228,112
3701317256,4
3701317282,59
3701317283,104
3701317285,23
3701317285,34
3701317290,12
3701317293,12
3701317295,48
3701317307,121
3701317309,42
3701317310,42
3701317311,48
3701317313,119
3701317313,96
3701317313,8
3701317315,96
3701317315,99
3701317315,84
3701317323,25
3701317331,25
3701317345,96
3701317370,119
3701317384,43
3701317386,14
3701317387,96
3701317395,48
3701317396,55
3701317396,47
3701317396,43
3701317407,4
3701317440,68
3701317443,54
3701317443,135
3701317447,59
3701317455,49
3701317462,104
3701317462,96
3701317472,14
3701317474,14
3701317475,27
3701317478,27
3701317479,44
3701317479,48
3701317479,47
3701317482,59
3701317482,144
3701317482,48
3701317484,104
3701317494,124
3701317499,15
3701317506,82
3701317506,80
3701317510,96
3701317514,96
3701317528,104
3701317538,27
3701317542,27
3701317544,96
3701317546,48
3701317572,82
3701317572,80
3701317602,4
3701317622,104
3701317624,104
3701317626,10
3701317635,13
3701317656,59
3701317658,59
3701317663,19
3701317663,96
3701317663,27
3701317675,44
3701317679,86
3701317689,68
3701317700,19
3701317700,96
3701317700,27
3701317725,139
3701317732,98
3701317734,14
3701317746,48
3701317748,143
3701317756,82
3701317756,80
3701317762,48
3701317763,48
3701317764,48
3701317770,48
3701317798,48
3701317799,31
3701317820,100
3701317820,42
3701317867,4
3701317870,3233
3701317903,1285
3701317904,27
3701317905,27
3701317906,27
3701317907,82
3701317907,80
3701317911,27
3701317912,53
3701317912,112
3701317912,135
3701317913,27
3701317916,53
3701317916,112
3701317916,135
3701317923,1285
3701317945,1285
3701317947,96
3701317957,17
3701317968,46
3694158424,94
3699429576,14
3699433254,14
3699434210,14
3699435192,14
3701317986,41
3701317986,43
3701317987,41
3701317987,43
3701318044,104
3701318064,14
3701318069,44
3701318075,65
3701318081,96
3701318091,4
3701318092,4
3701318093,4
3701318095,4
3701318168,49
3701318168,121
3701318169,14
3701318169,100
3701318169,139
3701318183,8
3701318184,48
3701318243,48
3701318246,14
3701318250,43
3701318251,8
3701318262,48
3701318272,66
3701318274,13
3701318282,6
3701318283,17
3701318284,3224
3701318285,43
3701318285,41
3701318285,45
3701318301,139
3701318328,68
3701318335,59
3701318337,27
3701318351,58
3701318351,95
3701318368,43
3701318398,133
3701318401,15
3701318403,13
3701318406,68
3701318412,27
3701318426,96
3701318453,104
3701318477,104
3701318490,104
3701318522,82
3701318522,80
3701318539,124
3701318539,14
3701318539,13
3701318543,27
3701318546,27
3701318548,19
3701318548,96
3701318548,27
3701318549,19
3701318549,96
3701318549,27
3701318550,59
3701318571,42
3701318590,43
3701318591,14
3701318593,43
3701318593,41
3701318605,75
3701318630,48
3701318630,49
3701318630,116
3701318646,43
3701318648,80
3701318648,12
3701318648,127
3701318650,48
3701318651,48
3701318658,84
3701318658,96
3701318658,11
3701318661,17
3701318667,48
3701318668,41
3701318671,48
3701318676,48
3701318689,28
3701318699,51
3701318715,14
3701318715,96
3701318715,104
3701318770,43
3701318793,69
3701318793,67
3701318793,68
3701318835,54
3701318843,53
3701318843,112
3701318843,135
3701318844,27
3701318846,27
3701318851,10
3701318875,12
3701318913,41
3701318913,43
3701318919,14
3701318931,14
3690869667,104
3699428975,112
3699428975,7
3699428975,54
3701318935,68
3701318946,4
3701318947,4
3701318952,68
3701318959,4
3701318959,3
3701318959,6
3701318976,104
3701318981,47
3701318985,43
3701318985,41
3701318985,47
3701319017,55
3701319086,4
3701319093,96
3701319097,96
3701319105,14
3701319105,42
3701319108,34
3701319140,104
3701319150,14
3701319157,117
3701319174,27
3701319176,14
3701319180,27
3701319195,15
3701319219,15
3701319219,147
3701319225,68
3694124020,96
3701319229,57
3701319243,12
3701319258,94
3701319289,104
3701319294,13
3701319306,13
3701319308,14
3701319343,124
3701319343,14
3701319343,13
3701319344,19
3701319344,96
3701319344,27
3701319347,27
3701319350,27
3701319353,59
3701319356,124
3701319356,14
3701319356,13
3701319389,48
3701319389,11
3701319389,104
3701319393,19
3701319393,96
3701319393,27
3701319423,68
3701319441,53
3701319446,96
3701319448,14
3701319468,146
3701319478,48
3701319483,48
3701319484,48
3701319487,48
3701319489,48
3701319507,71
3701319531,4
3701319557,34
3701319557,23
3701319571,143
3701319577,96
3701319581,14
3701319583,96
3701319592,48
3701319625,82
3701319625,80
3701319648,27
3701319649,27
3701319650,27
3701319651,1285
3701319681,104
3701319681,137
3701319688,96
3701319701,99
3701319714,46
3701319714,43
3701319714,106
3701319715,36
3701319715,126
3701319715,113
3701319732,68
3701319737,46
3701319745,1285
3701319762,9
3701319771,42
3701319778,117
3701319793,104
3701319793,137
3701319801,128
3701319801,44
3701319808,41
3701319829,15
3701319834,96
3701319840,14
3701319855,43
3701319880,14
3701319915,146
3701319931,27
3701319960,55
3701319970,82
3701319970,80
3701319980,104
3701320004,122
3701320004,49
3701320004,75
3701320012,15
3701320022,27
3701320026,27
3701320035,15
3701320035,70
3701320035,12
3701320040,104
3701320042,68
3694152878,4
3694158444,10
3694158444,9
3699428605,92
3699429619,34
3699429654,68
3699429654,70
3699430248,92
3699430689,68
3699430689,70
3699431546,112
3699431555,51
3699431557,112
3699432481,87
3699432481,116
3699434262,68
3699434262,70
3699435284,23
3701320047,68
3701320050,68
3701320085,96
3701320085,45
3701320085,43
3701320098,104
3701320100,104
3701320105,116
3701320110,104
3701320111,104
3701320123,104
3701320127,13
3701320130,96
3701320140,104
3701320179,27
3701320184,59
3701320186,59
3701320187,59
3701320188,124
3701320188,14
3701320188,13
3701320189,59
3701320229,75
3701320244,9
3701320250,9
3701320263,9
3701320271,112
3701320278,48
3701320284,48
3701320292,43
3701320297,53
3701320298,48
3701320306,48
3701320307,49
3701320335,48
3701320337,19
3701320337,96
3701320337,27
3701320347,10
3701320347,9
3701320352,27
3701320352,3190
3701320375,34
3701320396,75
3701320410,59
3701320424,4
3701320425,4
3701320448,69
3701320448,67
3701320448,68
3701320452,48
3701320459,1285
3701320463,1285
3701320467,48
3701320472,27
3701320476,14
3701320483,23
3701320498,19
3701320498,27
3701320505,82
3701320505,80
3701320507,47
3701320533,41
3701320533,43
3701320544,12
3701320544,17
3701320544,15
3701320550,10
3701320554,96
3701320557,128
3701320557,96
3701320557,70
3701320558,68
3701320564,55
3701320578,4
3701320607,1285
3701320610,44
3701320610,128
3701320616,3231
3701320624,14
3701320631,41
3701320641,96
3701320653,116
3701320655,14
3701320717,14
3701320723,14
3701320795,42
3701320795,14
3701320797,112
3701320805,54
3701320805,57
3701320805,56
3701320806,61
3701320821,53
3701320868,43
3701320871,82
3701320871,80
3701320891,11
3701320912,36
3701320912,28
3701320912,126
3701320915,36
3701320915,28
3701320915,126
3701321002,104
3701321019,104
3701321032,90
3701321046,104
3701321089,124
3701321089,14
3701321089,13
3701321091,19
3701321096,27
3699433364,43
3699433364,4
3701321098,27
3701321101,59
3701321103,59
3701321105,59
3701321107,124
3701321107,14
3701321107,13
3701321111,124
3701321111,14
3701321111,13
3701321128,19
3701321128,96
3701321128,27
3701321135,95
3701321147,100
3701321154,82
3701321154,80
3701321155,80
3701321155,8
3701321155,119
3701321203,48
3701321205,104
3701321206,48
3701321208,31
3701321211,48
3701321219,104
3701321237,16
3701321237,138
3701321237,25
3701321243,56
3701321244,133
3701321249,117
3701321256,48
3701321260,48
3701321282,96
3701321310,82
3701321310,80
3701321315,69
3701321315,67
3701321315,68
3701321316,42
3701321317,17
3701321355,8
3701321373,54
3701321385,27
3701321388,27
3701321389,27
3701321399,14
3701321409,96
3701321421,42
3701321421,47
3701321429,19
3701321429,96
3701321429,27
3701321432,435
3701321443,41
3701321443,43
3701321444,41
3701321444,43
3701321445,41
3701321445,43
3701321446,41
3701321446,43
3701321459,80
3701321465,104
3701321467,80
3701321486,41
3701321486,43
3701321499,1285
3701321502,91
3701321502,19
3701321529,1285
3701321533,112
3701321539,148
3701321539,8
3701321539,96
3701321593,14
3701321612,139
3701321612,88
3701321612,67
3701321653,14
3701321679,104
3701321679,137
3701321684,1285
3701321687,96
3701321688,1285
3701321708,27
3701321714,27
3701321728,57
3701321744,104
3701321757,61
3701321758,54
3701321760,116
3701321783,14
3701321792,14
3701321807,82
3701321807,80
3701321823,55
3701321842,36
3701321842,28
3701321842,126
3701321844,36
3701321844,28
3701321844,126
3701321855,42
3701321860,69
3701321860,100
3701321925,25
3701321961,144
3701321964,7
3701321976,4
3701322013,104
3701322021,124
3701322021,139
3701322047,19
3701322047,96
3701322047,27
3701322059,27
3701322063,59
3701322067,19
3701322067,96
3701322067,27
3694139272,43
3694156520,31
3694158430,24
3694159069,43
3699434266,14
3699434295,31
3699435295,31
3701322072,19
3701322072,96
3701322072,27
3701322082,3192
3701322084,86
3701322130,9
3701322134,53
3701322148,82
3701322148,80
3701322155,4
3701322166,96
3701322171,48
3701322174,69
3701322174,67
3701322174,68
3701322175,48
3701322180,48
3701322191,48
3701322194,48
3701322195,96
3701322197,57
3701322220,48
3701322223,48
3701322272,19
3701322272,96
3701322272,27
3701322273,143
3701322283,25
3701322288,8
3701322289,8
3701322306,8
3701322317,8
3701322319,48
3701322339,54
3701322346,96
3701322354,27
3701322355,48
3701322356,48
3701322359,27
3701322360,27
3701322363,27
3701322366,27
3701322385,96
3701322390,96
3701322395,104
3701322395,14
3701322395,6
3701322414,80
3701322420,51
3701322420,59
3701322420,144
3701322430,41
3701322430,43
3701322438,41
3701322438,43
3701322446,47
3701322446,43
3701322452,1285
3701322453,104
3701322458,68
3701322467,82
3701322467,80
3701322483,23
3701322483,34
3701322491,80
3701322491,113
3701322491,6
3701322492,80
3701322492,113
3701322492,6
3701322496,42
3701322525,82
3701322525,80
3701322530,41
3701322541,52
3701322639,96
3701322639,34
3701322639,23
3701322645,1285
3701322663,147
3701322667,27
3701322683,8
3701322683,119
3701322692,19
3701322704,14
3701322713,54
3701322714,6
3701322737,18
3701322754,14
3701322790,55
3701322803,46
3701322803,129
3701322803,43
3701322804,36
3701322804,28
3701322804,126
3701322815,36
3701322815,28
3701322815,126
3701322816,36
3701322816,28
3701322816,126
3701322826,55
3701322826,147
3701322841,9
3701322842,82
3701322842,80
3701322845,104
3701322860,14
3701322908,14
3701322908,139
3701322913,12
3701322913,15
3701322913,146
3701322933,104
3701322933,122
3701322933,86
3701322941,12
3701322942,12
3701322963,47
3701322963,43
3701322984,6
3701322994,104
3701322999,11
3701323000,19
3701323000,96
3701323000,27
3701323002,82
3701323002,80
3701323006,86
3701323056,19
3701323056,96
3701323056,27
3701323067,19
3701323067,96
3701323067,27
3701323074,19
3701323074,96
3701323074,27
3699430767,137
3699432553,31
3701323084,43
3701323091,19
3701323091,96
3701323091,27
3701323093,48
3701323103,48
3701323107,84
3701323107,96
3701323107,11
3701323114,48
3701323115,48
3701323116,48
3701323137,82
3701323137,80
3701323142,14
3701323160,48
3701323189,96
3701323202,143
3701323221,8
3701323239,94
3701323239,34
3701323239,23
3701323258,137
3701323258,92
3701323274,104
3701323283,27
3701323287,27
3701323293,27
3701323303,14
3701323307,14
3701323337,82
3701323337,80
3701323341,104
3701323342,19
3701323346,41
3701323346,43
3701323350,27
3701323350,3190
3701323367,82
3701323367,80
3701323377,55
3701323382,52
3701323403,80
3701323403,113
3701323403,6
3701323408,48
3701323409,14
3701323417,12
3701323456,19
3701323460,15
3701323461,116
3701323465,96
3701323466,17
3701323447,69
3701323476,14
3701323524,14
3701323549,43
3701323549,42
3701323563,27
3701323567,27
3701323577,9
3701323581,57
3701323610,17
3701323617,9
3701323644,54
3701323644,57
3701323644,56
3701323651,14
3701323681,41
3701323681,43
3701323681,4
3701323693,86
3701323703,36
3701323703,28
3701323703,126
3701323706,36
3701323706,28
3701323706,126
3701323709,17
3701323710,112
3701323737,96
3701323759,82
3701323759,80
3701323814,14
3701323814,15
3701323844,12
3701323845,82
3701323845,80
3701323849,94
3701323849,59
3701323849,95
3701323858,11
3701324000,45
3701324006,4
3701324042,34
3701324054,19
3701324054,96
3701324054,27
3701324056,43
3701324068,96
3701324074,48
3701324078,43
3701324101,69
3701324101,67
3701324101,68
3701324135,44
3701324154,49
3701324165,8
3701324196,24
3701324196,144
3701324204,19
3701324204,96
3701324204,27
3701324212,92
3701324221,1285
3701324225,14
3694159226,43
3694159226,96
3694159226,4
3699434365,96
3701324227,1285
3701324231,48
3701324234,27
3701324237,27
3701324254,96
3701324255,12
3701324279,82
3701324279,80
3701324290,41
3701324290,43
3701324301,14
3701324320,14
3701324325,137
3701324334,12
3701324334,15
3701324339,68
3701324342,14
3701324343,4
3701324343,121
3701324344,82
3701324344,80
3701324354,68
3701324354,101
3701324354,98
3701324358,63
3701324375,43
3701324399,82
3701324399,80
3701324410,104
3701324466,14
3701324486,82
3701324486,80
3701324493,43
3701324493,45
3701324495,1285
3701324506,110
3701324506,97
3701324507,82
3701324507,80
3701324510,43
3701324510,42
3701324518,27
3701324546,112
3701324561,112
3701324588,96
3701324603,11
3701324603,4
3701324603,96
3701324609,44
3701324609,48
3701324613,112
3701324621,1
3701324651,82
3701324651,80
3701324652,75
3701324659,31
3701324695,69
3701324717,117
3701324717,147
3701324717,25
3701324722,25
3701324765,96
3701324779,96
3701324784,71
3701324784,9
3701324796,144
3701324797,4
3701324797,3
3701324797,96
3701324798,11
3701324806,57
3701324870,48
3701324870,49
3701324870,44
3701324988,96
3701325020,4
3701325045,80
3701325045,113
3701325045,6
3701325079,118
3701325117,54
3701325169,14
3701325194,1285
3701325211,135
3701325211,86
3701325212,27
3701325243,9
3701325267,42
3701325273,48
3701325274,145
3701325298,82
3701325298,80
3701325300,12
3701325300,15
3701325320,14
3701325324,45
3701325324,41
3701325324,43
3701325339,14
3701325353,17
3701325373,36
3701325373,28
3701325373,126
3701325377,36
3701325377,28
3701325377,126
3701325378,36
3701325378,28
3701325378,126
3701325550,43
3701325550,41
3701325558,96
3701325571,923
3701325723,1
3701325723,52
3701325723,135
3701325732,55
3701325732,112
3701325734,50
3701325800,100
3701325805,1
3701325805,95
3701325817,145
3701325841,54
3701325848,17
3701325864,96
3701325883,9
3701325885,53
3701326001,1
3701326010,52
3701326022,82
3701326022,80
3701326048,47
3701326051,116
3701326051,96
3701326051,6
3701326084,80
3701326084,113
3701326093,3231
3699431765,9
3699431765,10
3699431765,84
3699432598,57
3699432687,53
3701326122,27
3701326131,82
3701326131,80
3701326138,14
3701326151,14
3701326154,104
3701326157,43
3701326157,4
3701326159,104
3701326194,30
3701326199,14
3701326238,4
3701326256,36
3701326256,28
3701326256,126
3701326257,36
3701326257,28
3701326257,126
3701326362,18
3701326362,27
3701326362,143
3701326376,96
3701326445,137
3701326445,69
3701326445,100
3701326504,82
3701326504,80
3701326632,82
3701326632,80
3701326635,104
3701326637,96
3701326670,25
3701326700,96
3701326701,43
3701326765,12
3701326766,47
3701326766,43
3701326766,104
3701326802,4
3701326902,96
3701326902,50
3701326902,4
3701326905,15
3701327001,47
3701327009,61
3701327023,14
3701327023,116
3701327026,14
3701327053,11
3701327053,4
3701327053,96
3701327060,28
3701327060,6
3701327060,35
3701327068,82
3701327068,80
3701327081,41
3701327081,43
3701327091,36
3701327091,28
3701327091,126
3701327094,36
3701327094,28
3701327094,126
3701327118,8
3701327146,4
3701327146,86
3701327164,82
3701327164,80
3701327220,121
3701327258,82
3701327258,80
3701327269,70
3701327283,9
3701327313,14
3701327326,112
3701327408,98
3701327408,110
3701327457,99
3701327466,121
3701327520,96
3701328038,11
3701328053,48
3701328063,59
3701328086,11
3701328088,144
3701328088,43
3701328092,96
3701328139,96
3701328314,104
3701328317,4
3701328317,6
3701328346,15
3701328346,12
3701328346,96
3701328363,25
3701328363,142
3701328367,1
3701328367,52
3701328367,71
3701328388,43
3701328415,47
3701328415,42
3701328433,4
3701328439,112
3701328507,96
3701329061,47
3701329066,86
3701329190,4
3701329262,82
3701329262,80
3701329269,139
3701329285,25
3701329286,25
3701329327,11
3701329339,14
3701329348,9
3701329348,10
3701329373,147
3701329385,104
3701329406,100
3701329406,107
3701329479,29
3701329479,6
3701329479,4
3701330001,82
3701330001,80
3701330004,42
3701330098,59
3701330140,9
3701330193,4
3701330193,17
3701330193,14
3701330196,68
3701330202,96
3690674396,9
3694137519,13
3694154956,104
3694155690,96
3694158626,53
3694160170,49
3699433391,14
3699433396,14
3699434363,14
3701330211,132
3701330218,27
3701330276,10
3701330276,9
3701330311,31
3701330352,96
3701330365,104
3701330368,112
3701330850,148
3701331004,4
3701331036,54
3701331074,14
3701331108,96
3701331108,50
3701331108,4
3701331185,104
3701331733,148
3701332027,19
3701332029,1
3701332038,11
3701332038,15
3701332038,17
3701332080,96
3701332088,104
3701332126,116
3701332193,148
3701332197,45
3701332197,46
3701332197,43
3701332199,96
3701332708,48
3701333402,148
3701334075,44
3701334216,80
3701334287,54
3701335076,148
3701336367,12
3701337299,42
3701340191,9
3701343542,43
3701343736,104
3701343937,80
3701345363,15
3701345851,14
3701345859,44
3701345914,44
3701346237,9
3701346296,14
3701347369,52
3701347473,43
3701347557,4
3701347774,14
3701348771,44
3701349273,57
3701349927,27
3701350008,36
3701350710,27
3701351480,27
3701351813,48
3701352324,27
3701353511,96
3701354143,88
3701354264,9
3701354853,50
3701355501,48
3701355578,25
3701355733,88
3701356136,27
3701357371,42
3701357559,56
3701357660,48
3701357812,27
3701357813,25
3701357982,27
3675787480,53
3694158503,80
3694159247,103
3699432764,99
3699432764,140
3699432764,80
3701358020,48
3701358883,27
3701358895,27
3701358915,14
3701358923,14
3701358943,14
3701358950,14
3701358953,14
3701358959,14
3701358987,14
3701358989,14
3701359199,49
3701359324,3222
3701359397,3198
3701359420,19
3701359517,19
3701359585,14
3701359586,27
3701359589,14
3701359599,82
3701359599,96
3701359599,132
3701359608,14
3701359617,27
3701359625,27
3701359631,14
3701359640,3195
3701359641,14
3701359642,14
3701359721,8
3701359741,56
3701359799,54
3701359851,27
3701359883,27
3701360241,27
3701360258,27
3701360458,14
3701360463,14
3701360476,14
3701360481,14
3701360539,14
3701360541,27
3701360560,126
3701360597,27
3701360639,31
3701360668,44
3701360740,44
3701360771,27
3701360806,96
3701360810,47
3701360810,43
3701360810,96
3701360821,96
3701360855,96
3701360881,112
3701360881,96
3701360963,47
3701360963,43
3701360963,96
3701360987,57
3701361186,48
3701361188,48
3701361221,90
3701361340,53
3701361341,53
3701361380,27
3701361398,27
3701361403,25
3701361426,14
3701361505,1
3701361642,27
3701361682,27
3701361733,96
3701361837,27
3701361884,47
3701361884,43
3701361884,96
3701361897,28
3701361898,47
3701361898,43
3701361898,96
3701361923,44
3701361977,104
3701361978,14
3701361986,68
3701361994,27
3701361995,51
3701361995,48
3701362186,27
3701362404,27
3701362418,14
3701362436,14
3701362447,27
3701362454,14
3701362458,27
3701362459,14
3701362466,14
3701362506,27
3694155802,9
3699431844,4
3699431844,41
3699431844,96
3701362508,4
3701362538,12
3701362538,15
3701362538,70
3701362581,15
3701362595,27
3701362626,27
3701362652,100
3701362655,47
3701362655,43
3701362655,96
3701362669,27
3701362707,96
3701362734,96
3701362756,33
3701362788,112
3701362788,96
3701362840,104
3701362851,44
3701362867,27
3701362882,29
3701362885,48
3701362960,12
3701362960,70
3701362970,27
3701363139,43
3701363140,3198
3701363164,27
3701363168,19
3701363292,27
3701363325,52
3701363356,27
3701363362,104
3701363371,14
3701363372,27
3701363396,14
3701363403,14
3701363404,14
3701363414,14
3701363415,14
3701363478,1
3701363489,4
3701363490,4
3701363493,4
3701363507,42
3701363512,126
3701363521,12
3701363521,15
3701363521,70
3701363523,12
3701363523,15
3701363523,70
3701363539,27
3701363571,27
3701363631,27
3701363647,27
3701363649,54
3701363659,27
3701363716,27
3701363732,96
3701363755,96
3701363763,44
3701363828,27
3701363851,27
3701363874,96
3701363874,4
3701363874,53
3701363932,27
3701363992,14
3701364132,27
3701364346,14
3701364347,14
3701364364,27
3701364369,27
3701364372,25
3701364380,14
3701364381,14
3701364383,14
3701364384,14
3701364389,14
3701364392,3195
3701364393,14
3701364394,14
3701364463,43
3701364483,126
3701364484,126
3701364496,12
3701364496,15
3701364496,70
3701364499,17
3694155805,27
3694155806,27
3694156796,11
3694157661,27
3694157662,27
3694159242,27
3694160158,27
3694160159,27
3694160160,27
3694160161,27
3694160169,96
3694162004,27
3699435541,4
3699435541,80
3701364516,27
3701364588,44
3701364601,86
3701364616,96
3701364633,27
3701364660,44
3701364666,44
3701364831,44
3701364845,47
3701364845,43
3701364845,96
3701364869,27
3701364940,27
3701364941,27
3701364977,144
3701364982,14
3701365027,27
3701365050,14
3701365052,14
3701365139,4
3701365154,126
3701365163,27
3701365192,27
3701365196,44
3701365307,27
3701365371,96
3701365380,96
3701365464,70
3701365466,27
3701365499,27
3701365503,96
3701365503,4
3701365503,53
3701365510,27
3701365515,96
3701365515,4
3701365515,53
3701365523,47
3701365523,43
3701365523,96
3701365570,44
3701365627,44
3701365640,80
3701365644,53
3701365668,27
3701365680,17
3701365736,14
3701365741,56
3701365763,52
3701365799,145
3701365810,1862
3701365826,104
3701365836,14
3701365875,91
3701365888,104
3701365892,14
3701365899,53
3701365934,16
3701365939,14
3701365949,124
3701365951,16
3701365959,75
3701365965,55
3701365976,7
3701365988,14
3701366018,27
3701366020,14
3701366028,4
3701366040,14
3701366043,27
3701366128,31
3701366243,96
3701366278,33
3701366301,112
3701366301,96
3701366303,112
3701366303,96
3701366370,47
3701366370,43
3701366370,96
3701366401,29
3701366451,44
3701366475,14
3701366480,75
3701366534,14
3701366556,14
3701366618,44
3701366650,14
3701366691,27
3701366721,43
3699434489,86
3699434489,100
3701366731,27
3701366732,104
3701366732,115
3701366767,14
3701366794,14
3701366817,55
3701366818,28
3701366868,112
3701366868,7
3701366874,92
3701366885,96
3701366906,7
3701366940,16
3701366947,96
3701366969,3243
3701366976,11
3701367031,112
3701367031,96
3701367032,112
3701367032,96
3701367033,112
3701367033,96
3701367089,44
3701367137,27
3701367153,44
3701367216,14
3701367225,27
3701367270,144
3701367284,14
3701367299,14
3701367338,52
3701367340,14
3701367398,28
3701367403,104
3701367414,104
3701367451,116
3701367455,14
3701367465,16
3701367526,124
3701367543,27
3701367597,90
3701367632,59
3701367641,52
3701367685,42
3701367716,44
3701367731,96
3701367739,42
3701367748,4
3701367748,96
3701367766,141
3701367782,59
3701367805,27
3701367818,12
3701367818,54
3701367818,15
3701367819,96
3701367820,12
3701367820,54
3701367820,15
3701367821,12
3701367821,54
3701367821,15
3701367864,27
3701367874,42
3701367875,42
3701367880,42
3701367963,32
3701367968,43
3701367968,4
3701367968,141
3701367969,6
3701367971,100
3701367990,9
3701367990,10
3701367995,1
3701368079,53
3701368080,53
3701368105,59
3701368178,84
3701368179,43
3701368196,44
3701368290,25
3701368304,116
3701368304,93
3701368308,12
3701368317,43
3701368317,96
3701368353,14
3701368372,51
3701368372,11
3701368416,96
3701368436,91
3701368441,43
3701368454,7
3701368465,52
3701368540,104
3701368572,4
3701368575,27
3701368584,96
3701368586,28
3701368595,3243
3701368610,14
3701368625,47
3701368625,43
3701368625,96
3701368628,47
3701368628,43
3701368628,96
3701368658,27
3701368676,6
3701368687,14
3701368690,14
3679202159,144
3694155849,3240
3694156773,30
3694158726,96
3694158726,103
3694158726,98
3694159344,96
3694159344,103
3694159344,98
3699431939,43
3699436308,43
3699437037,43
3701368722,57
3701368832,59
3701368849,59
3701368854,144
3701368858,42
3701368875,96
3701368877,17
3701368877,4
3701368882,1
3701368922,48
3701368922,59
3701368927,14
3701368932,126
3701368965,42
3701368974,14
3701368976,14
3701368978,56
3701368995,3224
3701369019,59
3701369034,47
3701369061,14
3701369112,55
3701369112,135
3701369121,43
3701369170,104
3701369186,1862
3701369196,14
3701369197,14
3701369200,104
3701369237,91
3701369238,68
3701369240,104
3701369242,43
3701369242,96
3701369254,43
3701369254,96
3701369267,14
3701369269,43
3701369271,43
3701369308,14
3701369315,68
3701369316,124
3701369319,124
3701369324,104
3701369324,84
3701369324,96
3701369360,7
3701369379,52
3701369402,42
3701369410,96
3701369419,96
3701369446,92
3701369456,31
3701369499,11
3701369503,4
3701369516,4
3701369516,96
3701369531,27
3701369534,123
3701369535,17
3701369535,12
3701369535,15
3701369552,27
3701369555,92
3701369555,135
3701369555,53
3701369569,6
3701369571,4
3701369578,12
3701369578,54
3701369578,15
3701369579,12
3701369579,54
3701369579,15
3701369580,12
3701369580,54
3701369580,15
3701369584,15
3701369586,148
3701369601,124
3701369611,57
3701369616,27
3701369635,14
3701369642,42
3701369644,42
3701369652,42
3701369660,42
529257371,99
3694154636,25
3694157708,83
3694157819,80
3694158661,83
3694158744,96
3694158744,103
3694158744,98
3694158757,96
3694158757,103
3694158757,98
3694160300,118
3699430964,135
3699430967,135
3699432810,135
3699434657,118
3699434657,98
3699434657,84
3699436243,135
3699437053,80
3701369678,42
3701369719,6
3701369720,144
3701369723,14
3701369726,82
3701369732,104
3701369746,1
3701369748,43
3701369748,4
3701369748,141
3701369751,118
3701369762,32
3701369773,4
3701369780,14
3701369784,61
3701369787,14
3701369805,3198
3701369814,42
3701369846,14
3701369859,19
3701369864,3224
3701369869,4
3701369892,48
3701369965,69
3701369969,135
3701369976,41
3701369976,43
3701369976,96
3701369977,68
3701369983,68
3701369984,48
3701369984,86
3701369986,19
3701369992,135
3701369992,53
3701370062,56
3701370086,52
3701370135,133
3701370177,14
3701370178,14
3701370225,14
3701370228,14
3701370248,104
3701370259,14
3701370325,124
3701370335,14
3701370340,24
3701370340,119
3701370345,12
3701370345,15
3701370345,70
3701370352,28
3701370437,96
3701370528,144
3701370531,91
3701370543,7
3701370575,92
3701370575,135
3701370575,53
3701370581,4
3701370583,22
3701370583,27
3701370583,80
3701370591,28
3701370604,55
3701370607,12
3701370607,15
3701370607,17
3701370623,68
3701370667,42
3701370688,6
3701370745,19
3701370754,91
3701370755,6
3701370758,1
3701370761,80
3701370763,42
3701370772,11
3701370814,14
3701370834,55
3701370834,135
3701370834,53
3701370844,43
3701370848,43
3701370849,23
3701370849,34
3701370849,65
3701370865,14
3701370866,14
3701370867,104
3701370875,14
3701370883,14
3701370957,68
3701370958,96
3701370964,43
3701370967,14
3694157734,116
3694157828,14
3694157828,139
3694157828,124
3694157840,4
3694159400,96
3699432779,4
3699434720,43
3699435686,53
3699438096,43
3701370987,68
3701371029,48
3701371041,14
3701371066,44
3701371097,42
3701371098,84
3701371117,84
3701371156,104
3701371172,104
3701371177,6
3701371185,12
3701371195,12
3701371202,14
3701371217,14
3701371223,43
3701371235,53
3701371296,14
3701371298,14
3701371311,12
3701371311,15
3701371311,70
3701371327,14
3701371332,4
3701371389,50
3701371425,57
3701371472,91
3701371474,11
3701371480,4
3701371480,96
3701371485,7
3701371520,27
3701371521,27
3701371522,27
3701371531,42
3701371535,96
3701371540,148
3701371542,68
3701371542,70
3701371548,57
3701371549,96
3701371556,4
3701371605,42
3701371610,42
3701371611,42
3701371622,42
3701371660,42
3701371673,43
3701371687,6
3701371698,4
3701371699,43
3701371704,91
3701371707,48
3701371707,55
3701371707,92
3701371709,104
3701371730,59
3701371763,44
3701371784,135
3701371784,53
3701371795,48
3701371796,68
3701371801,17
3701371823,14
3701371851,48
3701371855,14
3701371856,96
3701371901,12
3701371901,15
3701371901,16
3701371910,68
3701371927,69
3701371930,14
3701371940,68
3701371944,68
3701371946,23
3701371947,68
3701371951,68
3701371955,68
3694161237,3213
3694162102,3213
3699429960,34
3699429998,116
3699432861,116
3699432862,116
3699433655,116
3699434596,3195
3699434623,116
3699434624,116
3699435594,116
3699436294,116
3699436295,116
3699437154,17
3701371958,68
3701371959,14
3701371963,68
3701371965,68
3701371973,43
3701371978,14
3701371978,15
3701371978,100
3701371986,48
3701372010,14
3701372022,44
3701372025,15
3701372036,43
3701372108,14
3701372112,14
3701372148,104
3701372149,104
3701372153,123
3701372180,14
3701372186,104
3701372197,4
3701372201,104
3701372217,96
3701372246,96
3701372246,41
3701372246,43
3701372253,14
3701372265,28
3701372291,123
3701372312,52
3701372315,14
3701372332,51
3701372332,50
3701372332,48
3701372353,14
3701372395,57
3701372445,11
3701372446,11
3701372447,11
3701372509,23
3701372513,27
3701372521,48
3701372522,148
3701372523,1
3701372524,1
3701372533,109
3701372533,4
3701372595,42
3701372600,42
3701372633,68
3701372639,46
3701372639,106
3701372639,43
3701372671,104
3701372676,42
3701372682,19
3701372694,144
3701372699,48
3701372699,55
3701372699,92
3701372710,8
3701372739,14
3701372748,14
3701372766,96
3701372767,48
3701372789,17
3701372792,17
3701372798,43
3701372805,15
3701372806,14
3701372820,124
3701372835,3224
3701372837,3224
3701372838,15
3701372843,14
3701372900,68
3701372936,96
3701372938,68
3701372940,68
3701372945,68
3701372953,68
3701372955,14
3701372956,68
3701372969,14
3701372993,25
3701372993,34
3701372995,14
3701373067,14
3701373090,139
3701373159,11
3694155918,121
3694155946,31
3694156834,121
3694156835,121
3694157753,121
3694157762,121
3694158923,92
3694159565,14
3694159565,124
3694159565,96
3694160489,96
3694160489,80
3694160489,4
3694161241,121
3694161427,104
3694161427,96
3694161427,14
3694161432,92
3694162120,31
3694163106,92
3694163107,104
3694163107,14
3694163107,12
3694163110,43
3694163110,4
3694163110,96
3694163111,96
3694163111,14
3694163111,104
3701373180,47
3701373180,43
3701373180,96
3701373187,47
3701373187,43
3701373187,96
3701373279,42
3701373292,42
3701373317,135
3701373317,53
3701373377,6
3701373379,4
3701373381,15
3701373382,8
3701373383,43
3701373385,4
3701373391,132
3701373396,96
3701373401,133
3701373427,48
3701373432,23
3701373432,65
3701373432,34
3701373490,42
3701373490,43
3701373490,96
3701373493,124
3701373514,3224
3701373515,3224
3701373516,3224
3701373522,14
3701373523,14
3701373524,14
3701373527,14
